Tiempo desde erupcion (d);Magnitud;error (mag);Banda
0,01975;6,943;0,008;R
0,05163;6,925;0,01;R
0,11402;6,735;0,012;R
0,11537;6,757;0,023;R
0,15051;6,686;0,013;R
0,15186;6,697;0,017;R
0,16852;6,627;0,046;R
0,16986;6,658;0,022;R
0,86919;6,407;0,004;R
1,53514;6,566;0,006;R
1,535545;6,566;0,006;R
1,535939;6,525;0,007;R
1,536332;6,535;0,007;R
1,536737;6,467;0,008;R
1,537142;6,552;0,008;R
1,537547;6,56;0,007;R
1,537953;6,562;0,006;R
1,538358;6,566;0,006;R
1,538763;6,531;0,006;R
1,539168;6,619;0,006;R
1,539573;6,528;0,006;R
1,53999;6,573;0,007;R
1,540395;6,565;0,007;R
1,5408;6,545;0,006;R
1,541205;6,569;0,006;R
1,54161;6,571;0,006;R
1,542015;6,557;0,006;R
1,54242;6,554;0,006;R
1,542837;6,564;0,006;R
1,543242;6,418;0,007;R
1,543647;6,493;0,008;R
1,544052;6,574;0,006;R
1,544469;6,49;0,006;R
1,544874;6,47;0,007;R
1,545684;6,583;0,007;R
1,546078;6,561;0,006;R
1,546483;6,575;0,006;R
1,546899;6,577;0,006;R
1,547316;6,573;0,006;R
1,547733;6,561;0,006;R
1,548728;6,577;0,006;R
1,549133;6,555;0,006;R
1,549527;6,549;0,006;R
1,54992;6,567;0,006;R
1,550302;6,574;0,006;R
1,550696;6,545;0,006;R
1,551112;6,546;0,006;R
1,551517;6,539;0,006;R
1,551922;6,549;0,006;R
1,552328;6,492;0,006;R
1,552733;6,595;0,006;R
1,553138;6,584;0,006;R
1,553531;6,591;0,006;R
1,553936;6,575;0,006;R
1,554341;6,581;0,006;R
1,554746;6,518;0,006;R
1,55514;6,562;0,006;R
1,555545;6,652;0,006;R
1,55595;6,585;0,006;R
1,556355;6,575;0,007;R
1,55676;6,522;0,006;R
1,557165;6,575;0,006;R
1,557571;6,562;0,006;R
1,557976;6,577;0,006;R
1,558369;6,584;0,006;R
1,558763;6,549;0,006;R
1,559168;6,561;0,006;R
1,559573;6,595;0,006;R
1,559978;6,547;0,006;R
1,560383;6,558;0,006;R
1,560777;6,572;0,006;R
1,561182;6,553;0,006;R
1,561587;6,571;0,006;R
1,561992;6,538;0,006;R
1,562397;6,548;0,006;R
1,562802;6,545;0,006;R
1,563207;6,586;0,006;R
1,563601;6,566;0,006;R
1,564006;6,583;0,006;R
1,564411;6,592;0,006;R
1,564804;6,618;0,006;R
1,565209;6,567;0,006;R
1,565603;6,618;0,006;R
1,566008;6,596;0,006;R
1,566413;6,684;0,006;R
1,566807;6,638;0,006;R
1,567212;6,643;0,006;R
1,567617;6,568;0,006;R
1,56801;6,564;0,006;R
1,568415;6,621;0,006;R
1,568821;6,607;0,006;R
1,569214;6,574;0,006;R
1,569619;6,603;0,006;R
1,570013;6,581;0,006;R
1,570406;6,568;0,006;R
1,5708;6,585;0,006;R
1,571205;6,598;0,006;R
1,57161;6,574;0,006;R
1,572015;6,598;0,006;R
1,572409;6,595;0,006;R
1,572814;6,635;0,006;R
1,573207;6,63;0,006;R
1,573624;6,653;0,006;R
1,574017;6,572;0,006;R
1,574411;6,612;0,006;R
1,574804;6,618;0,006;R
1,575209;6,553;0,006;R
1,575603;6,566;0,006;R
1,576008;6,568;0,006;R
1,576402;6,573;0,006;R
1,576784;6,58;0,006;R
1,577189;6,575;0,006;R
1,577571;6,611;0,006;R
1,577964;6,616;0,006;R
1,578369;6,611;0,006;R
1,578763;6,572;0,006;R
1,579168;6,625;0,006;R
1,579561;6,591;0,006;R
1,579955;6,63;0,006;R
1,58036;6,605;0,006;R
1,580753;6,553;0,006;R
1,581159;6,675;0,006;R
1,581552;6,567;0,006;R
1,5822;6,56;0,006;R
1,582594;6,577;0,006;R
1,582987;6,596;0,006;R
1,583381;6,581;0,006;R
1,583763;6,619;0,006;R
1,584156;6,584;0,006;R
1,584561;6,569;0,006;R
1,584955;6,593;0,006;R
1,585337;6,579;0,006;R
1,58573;6,598;0,006;R
1,586112;6,581;0,006;R
1,586506;6,564;0,006;R
1,586899;6,586;0,006;R
1,587293;6,568;0,006;R
1,587686;6,576;0,006;R
1,588068;6,573;0,006;R
1,58845;6,598;0,006;R
1,588832;6,625;0,006;R
1,589214;6,633;0,006;R
1,589608;6,617;0,006;R
1,590001;6,661;0,006;R
1,590395;6,628;0,006;R
1,590777;6,652;0,006;R
1,591159;6,66;0,006;R
1,591552;6,6;0,006;R
1,591946;6,67;0,006;R
1,592339;6,641;0,006;R
1,592733;6,636;0,006;R
1,593115;6,585;0,006;R
1,599104;6,553;0,008;R
1,599498;6,57;0,008;R
1,59988;6,558;0,008;R
1,600262;6,566;0,008;R
1,600632;6,581;0,008;R
1,600991;6,548;0,008;R
1,601373;6,563;0,008;R
1,601743;6,554;0,008;R
1,602113;6,569;0,008;R
1,602472;6,572;0,008;R
1,602843;6,579;0,008;R
1,603213;6,581;0,008;R
1,603572;6,56;0,008;R
1,603942;6,561;0,008;R
1,604301;6,556;0,008;R
1,604683;6,567;0,008;R
1,605053;6,566;0,008;R
1,605424;6,594;0,008;R
1,605806;6,564;0,008;R
1,606187;6,593;0,008;R
1,606546;6,573;0,008;R
1,606928;6,584;0,008;R
1,60731;6,595;0,008;R
1,607681;6,569;0,008;R
1,608062;6,604;0,008;R
1,608433;6,542;0,008;R
1,608815;6,587;0,008;R
1,609174;6,567;0,008;R
1,609556;6,601;0,008;R
1,609903;6,587;0,008;R
1,610285;6,648;0,008;R
1,610655;6,59;0,008;R
1,611025;6,595;0,008;R
1,611384;6,588;0,008;R
1,611766;6,551;0,008;R
1,612148;6,593;0,008;R
1,61253;6,624;0,008;R
1,613282;6,588;0,008;R
1,613653;6,579;0,008;R
1,614023;6,59;0,008;R
1,614405;6,578;0,008;R
1,614775;6,586;0,008;R
1,615146;6,605;0,008;R
1,615528;6,593;0,008;R
1,61591;6,565;0,008;R
1,616268;6,587;0,008;R
1,616639;6,607;0,008;R
1,617009;6,587;0,008;R
1,61738;6,565;0,008;R
1,61775;6,586;0,008;R
1,61812;6,586;0,008;R
1,618491;6,611;0,008;R
1,618861;6,583;0,008;R
1,619231;6,586;0,008;R
1,619602;6,586;0,008;R
1,619972;6,601;0,008;R
1,620343;6,592;0,008;R
1,620713;6,579;0,008;R
1,621083;6,637;0,008;R
1,621454;6,608;0,008;R
1,621824;6,552;0,008;R
1,622194;6,637;0,009;R
1,622576;6,667;0,008;R
1,622935;6,648;0,008;R
1,623294;6,587;0,008;R
1,623676;6,603;0,008;R
1,624035;6,602;0,008;R
1,624405;6,599;0,008;R
1,624787;6,593;0,008;R
1,625157;6,601;0,008;R
1,625528;6,603;0,008;R
1,62591;6,597;0,008;R
1,626268;6,63;0,008;R
1,62665;6,588;0,008;R
1,627009;6,607;0,008;R
1,627391;6,591;0,008;R
1,62775;6,616;0,008;R
1,62812;6,616;0,008;R
1,628514;6,603;0,008;R
1,628873;6,598;0,008;R
1,629243;6,609;0,008;R
1,629625;6,592;0,008;R
1,629995;6,611;0,008;R
1,630366;6,605;0,008;R
1,630736;6,574;0,008;R
1,631095;6,597;0,008;R
1,631477;6,592;0,008;R
1,631836;6,612;0,008;R
1,632218;6,637;0,008;R
1,632576;6,591;0,008;R
1,632947;6,612;0,008;R
1,633329;6,611;0,008;R
1,633699;6,65;0,008;R
1,634081;6,609;0,008;R
1,63444;6,609;0,008;R
1,634822;6,599;0,008;R
1,635204;6,582;0,008;R
1,635586;6,619;0,008;R
1,635944;6,594;0,008;R
1,636315;6,581;0,008;R
1,636708;6,632;0,008;R
1,637102;6,627;0,008;R
1,637484;6,633;0,008;R
1,637877;6,614;0,008;R
1,638259;6,615;0,008;R
1,638653;6,616;0,008;R
1,639035;6,655;0,008;R
1,639428;6,609;0,008;R
1,63981;6,606;0,008;R
1,640192;6,624;0,008;R
1,640574;6,631;0,008;R
1,640956;6,604;0,008;R
1,641349;6,616;0,008;R
1,641731;6,601;0,008;R
1,642113;6,525;0,008;R
1,642495;6,664;0,008;R
1,642889;6,656;0,008;R
1,643271;6,637;0,008;R
1,643653;6,61;0,008;R
1,644046;6,618;0,008;R
1,64444;6,582;0,008;R
1,644822;6,681;0,008;R
1,645215;6,635;0,008;R
1,645597;6,629;0,008;R
1,645991;6,625;0,008;R
1,646384;6,615;0,008;R
1,646789;6,628;0,008;R
1,647171;6,614;0,008;R
1,64753;6,629;0,008;R
1,647912;6,617;0,008;R
1,648282;6,653;0,008;R
1,648664;6,662;0,008;R
1,649046;6,627;0,008;R
1,649428;6,629;0,008;R
1,649799;6,627;0,009;R
1,650192;6,645;0,008;R
1,650574;6,633;0,008;R
1,650968;6,615;0,008;R
1,651349;6,626;0,009;R
1,651731;6,701;0,008;R
1,65209;6,629;0,008;R
1,652472;6,679;0,008;R
1,652843;6,642;0,008;R
1,653236;6,663;0,008;R
1,653595;6,643;0,008;R
1,653977;6,647;0,008;R
1,654359;6,663;0,008;R
1,654741;6,62;0,008;R
1,655123;6,656;0,008;R
1,655516;6,636;0,008;R
1,65591;6,662;0,008;R
1,656268;6,657;0,008;R
1,65665;6,648;0,008;R
1,657032;6,673;0,008;R
1,657403;6,625;0,008;R
1,657773;6,65;0,008;R
1,658155;6,653;0,008;R
1,658537;6,647;0,008;R
1,658919;6,63;0,008;R
1,659289;6,669;0,008;R
1,659671;6,648;0,008;R
1,660042;6,658;0,008;R
1,660424;6,691;0,008;R
1,660794;6,679;0,008;R
1,661164;6,65;0,008;R
1,661546;6,668;0,008;R
1,661928;6,663;0,008;R
1,662299;6,667;0,008;R
1,662669;6,656;0,008;R
1,663051;6,663;0,008;R
1,663421;6,648;0,008;R
1,663803;6,656;0,008;R
1,664174;6,648;0,008;R
1,664556;6,658;0,008;R
1,664937;6,685;0,008;R
1,665308;6,678;0,008;R
1,665678;6,676;0,008;R
1,66606;6,654;0,008;R
1,666442;6,681;0,008;R
1,666824;6,674;0,008;R
1,667194;6,658;0,008;R
1,667565;6,639;0,008;R
1,667947;6,669;0,008;R
1,668329;6,655;0,008;R
1,668711;6,658;0,008;R
1,669081;6,665;0,008;R
1,669463;6,619;0,008;R
1,669845;6,658;0,008;R
1,670227;6,638;0,008;R
1,670609;6,647;0,008;R
1,671002;6,633;0,008;R
1,671373;6,671;0,008;R
1,671755;6,641;0,008;R
1,672137;6,65;0,008;R
1,672518;6,661;0,008;R
1,672912;6,658;0,008;R
1,673294;6,635;0,008;R
1,673676;6,664;0,008;R
1,674058;6,659;0,008;R
1,67444;6,657;0,008;R
1,674822;6,648;0,008;R
1,675204;6,64;0,008;R
1,675586;6,68;0,008;R
1,675968;6,644;0,008;R
1,676349;6,646;0,008;R
1,67672;6,648;0,008;R
1,677102;6,705;0,01;R
1,677484;6,613;0,011;R
1,677866;6,629;0,009;R
1,678248;6,65;0,008;R
1,678618;6,666;0,008;R
1,678988;6,639;0,008;R
1,679359;6,649;0,009;R
1,679729;6,674;0,008;R
1,680111;6,625;0,008;R
1,680493;6,668;0,011;R
1,92808;6,115;0,005;R
2,09035;6,666;0,008;R
2,506893;7,075;0,009;R
2,507264;7,002;0,01;R
2,507646;7,041;0,01;R
2,508016;7,001;0,01;R
2,508375;6,967;0,009;R
2,508745;7,009;0,01;R
2,509127;7;0,009;R
2,509498;7,016;0,01;R
2,509856;7,102;0,01;R
2,510227;7,022;0,01;R
2,510609;6,977;0,01;R
2,510979;7,058;0,01;R
2,511349;7,024;0,01;R
2,511731;7,029;0,01;R
2,512113;6,899;0,01;R
2,512495;7,089;0,009;R
2,512866;7,008;0,01;R
2,513248;7,056;0,01;R
2,513618;6,941;0,01;R
2,514;7,082;0,01;R
2,514359;7,047;0,01;R
2,514729;6,961;0,01;R
2,515111;7,121;0,01;R
2,51547;7,064;0,01;R
2,515852;7,097;0,01;R
2,516211;6,995;0,01;R
2,516581;7,038;0,01;R
2,517333;7,07;0,011;R
2,517715;6,987;0,01;R
2,518086;7,104;0,011;R
2,518468;6,963;0,01;R
2,518849;7,065;0,01;R
2,51922;7,003;0,01;R
2,519602;7,139;0,01;R
2,519972;7,051;0,01;R
2,520354;7,064;0,01;R
2,520724;7,026;0,009;R
2,521106;7,036;0,01;R
2,521477;6,96;0,01;R
2,521859;7,046;0,01;R
2,522229;6,864;0,011;R
2,522611;7,021;0,01;R
2,522993;7,07;0,01;R
2,523363;6,946;0,01;R
2,523734;7,003;0,01;R
2,524104;6,95;0,01;R
2,524486;7,036;0,009;R
2,524856;7,038;0,009;R
2,525215;6,952;0,01;R
2,525597;7,047;0,01;R
2,525956;6,993;0,01;R
2,526338;7,103;0,009;R
2,52672;7,075;0,009;R
2,52709;7,014;0,01;R
2,527472;7,09;0,009;R
2,527843;7,104;0,01;R
2,528224;6,948;0,01;R
2,528595;7,089;0,01;R
2,528977;7,094;0,009;R
2,529359;7,092;0,01;R
2,529729;7,021;0,009;R
2,530111;7,062;0,009;R
2,53047;7,041;0,009;R
2,530852;7,096;0,009;R
2,531234;7,076;0,009;R
2,531593;7,02;0,009;R
2,531974;7,083;0,009;R
2,532356;7,032;0,009;R
2,532715;7,113;0,009;R
2,533097;7,104;0,009;R
2,533479;7,049;0,009;R
2,533838;7,085;0,009;R
2,53422;7,056;0,009;R
2,534602;7,046;0,009;R
2,534972;7,065;0,009;R
2,535343;7,019;0,009;R
2,535724;7,099;0,009;R
2,536095;7,127;0,009;R
2,536477;7,06;0,009;R
2,536859;7,108;0,009;R
2,537218;7,068;0,009;R
2,537599;7,082;0,009;R
2,537981;7,053;0,009;R
2,538363;7,06;0,009;R
2,538722;7,108;0,009;R
2,539104;7,065;0,009;R
2,539498;7,057;0,009;R
2,539868;7,031;0,009;R
2,540238;7,124;0,009;R
2,54062;7,073;0,009;R
2,540991;7,046;0,009;R
2,541373;7,073;0,009;R
2,541755;7,024;0,009;R
2,542125;7,086;0,009;R
2,542495;7,047;0,009;R
2,542877;7,091;0,009;R
2,543248;7,024;0,009;R
2,543618;7,133;0,009;R
2,544;6,986;0,009;R
2,544382;6,986;0,009;R
2,544752;7,1;0,009;R
2,545123;7,104;0,009;R
2,545505;7,169;0,009;R
2,545887;7,232;0,009;R
2,546268;7,108;0,009;R
2,54665;7,16;0,01;R
2,547021;7,121;0,009;R
2,547391;7,086;0,009;R
2,547773;7,086;0,009;R
2,548155;7,06;0,009;R
2,548525;7,078;0,009;R
2,548907;7,114;0,009;R
2,549289;7,058;0,009;R
2,549671;6,959;0,009;R
2,550053;6,994;0,009;R
2,550424;7,136;0,009;R
2,550806;7,022;0,009;R
2,551176;7,101;0,009;R
2,551558;7,123;0,008;R
2,55194;7,144;0,009;R
2,55231;7,065;0,009;R
2,552681;6,978;0,009;R
2,553051;7,18;0,009;R
2,553433;6,93;0,009;R
2,553815;7,067;0,009;R
2,554197;7,081;0,009;R
2,554579;7,13;0,009;R
2,554961;7,032;0,009;R
2,555343;7,086;0,009;R
2,555724;7,101;0,008;R
2,556095;7,056;0,009;R
2,556488;7,074;0,009;R
2,55687;7,097;0,009;R
2,557241;7,101;0,009;R
2,557634;7,039;0,009;R
2,558016;7,096;0,009;R
2,558398;7,033;0,009;R
2,558768;7,049;0,009;R
2,55915;7,074;0,009;R
2,559532;7,091;0,009;R
2,559926;7,152;0,008;R
2,560308;7,087;0,009;R
2,56069;7,093;0,009;R
2,561072;7,085;0,009;R
2,561454;7,059;0,009;R
2,561836;7,104;0,009;R
2,562218;7,118;0,008;R
2,562588;7,023;0,009;R
2,562958;7,173;0,008;R
2,563329;7,025;0,009;R
2,563699;7,018;0,009;R
2,564069;7,193;0,008;R
2,56444;7,119;0,008;R
2,564822;7,095;0,009;R
2,565215;7,112;0,009;R
2,565597;7,093;0,009;R
2,565979;7,035;0,009;R
2,566361;7,149;0,009;R
2,566731;7,075;0,008;R
2,567102;7,036;0,009;R
2,567472;7,187;0,009;R
2,567854;7,043;0,009;R
2,568236;7,133;0,009;R
2,568618;7,165;0,009;R
2,569;7,222;0,009;R
2,56937;7,046;0,009;R
2,569741;7,079;0,009;R
2,570111;7,071;0,009;R
2,570505;7,128;0,009;R
2,570887;7,164;0,009;R
2,571268;7,161;0,008;R
2,57165;7,155;0,01;R
2,572021;7,232;0,009;R
2,572391;7,106;0,009;R
2,572762;7,019;0,011;R
2,573155;6,987;0,009;R
2,573537;7,03;0,009;R
2,573919;7,142;0,009;R
2,574289;7,112;0,009;R
2,574671;7,001;0,009;R
2,57547;7,054;0,009;R
2,575875;7,139;0,009;R
2,57628;7,126;0,009;R
2,576685;7,15;0,009;R
2,57709;7,122;0,008;R
2,577484;7,092;0,009;R
2,577877;7,087;0,009;R
2,578259;7,244;0,009;R
2,578664;7,094;0,009;R
2,579474;7,047;0,011;R
2,57988;7,086;0,009;R
2,580285;7,138;0,009;R
2,58069;7,183;0,009;R
2,581095;7,11;0,009;R
2,5815;7,081;0,009;R
2,581893;7,128;0,009;R
2,582287;7,112;0,009;R
2,582681;7,09;0,009;R
2,583086;7,089;0,009;R
2,583491;7,147;0,008;R
2,583896;7,105;0,008;R
2,584301;7,159;0,009;R
2,584706;7,13;0,009;R
2,585111;7,105;0,009;R
2,585528;7,05;0,009;R
2,585921;7,075;0,009;R
2,586315;7,097;0,009;R
2,586708;7,18;0,009;R
2,587102;7,169;0,008;R
2,587495;7,078;0,009;R
2,587889;7,115;0,009;R
2,588294;7,108;0,008;R
2,588699;7,152;0,009;R
2,589104;7,082;0,009;R
2,589521;7,087;0,009;R
2,589914;7,172;0,009;R
2,590319;7,072;0,009;R
2,590724;6,997;0,009;R
2,591141;7,131;0,008;R
2,591546;7,115;0,009;R
2,59194;6,98;0,009;R
2,592345;7,183;0,008;R
2,59275;7,179;0,009;R
2,593167;7,077;0,009;R
2,59356;7,116;0,009;R
2,593977;7,054;0,009;R
2,594382;7,163;0,009;R
2,594787;7,081;0,009;R
2,595204;7,133;0,009;R
2,595609;7,092;0,009;R
2,596002;7,108;0,009;R
2,596708;7,061;0,011;R
2,597113;7,12;0,011;R
2,597518;7,081;0,009;R
2,597935;7,135;0,01;R
2,598329;7,139;0,01;R
2,598745;7,176;0,009;R
2,59915;7,104;0,009;R
2,599567;7,143;0,009;R
2,599972;7,067;0,009;R
2,600389;7,124;0,01;R
2,600794;7,058;0,009;R
2,601211;7,046;0,01;R
2,602437;7,1;0,009;R
2,602843;7,084;0,009;R
2,603236;7,13;0,009;R
2,60363;7,111;0,009;R
2,604446;7,127;0,006;R
2,604851;7,089;0,006;R
2,605267;7,113;0,006;R
2,605684;7,196;0,006;R
2,606888;6,997;0,007;R
2,607304;7,085;0,006;R
2,607709;7,13;0,006;R
2,609191;7,078;0,006;R
2,609677;7,1;0,006;R
2,61014;7,129;0,006;R
2,610615;7,185;0,006;R
2,611089;7,169;0,006;R
2,611564;7,188;0,006;R
2,612027;7,114;0,006;R
2,612478;7,053;0,006;R
2,612953;7,125;0,006;R
2,613427;7,08;0,006;R
2,61389;7,177;0,006;R
2,614353;7,054;0,006;R
2,614828;7,144;0,006;R
2,61529;7,181;0,006;R
2,615765;7,138;0,006;R
2,61624;7,112;0,006;R
2,616714;7,206;0,006;R
2,617189;7,138;0,006;R
2,617675;7,035;0,006;R
2,618149;7,121;0,006;R
2,618612;7,191;0,006;R
2,619087;7,286;0,006;R
2,61955;7,125;0,006;R
2,620024;7,048;0,006;R
2,620487;7,12;0,006;R
2,620962;7,114;0,006;R
2,621425;7,116;0,006;R
2,621888;7,153;0,006;R
2,622351;7,112;0,006;R
2,622837;7,178;0,006;R
2,623311;7,092;0,006;R
2,623774;7,126;0,006;R
2,624249;7,148;0,006;R
2,624712;7,116;0,006;R
2,625175;7,118;0,006;R
2,625638;7,171;0,006;R
2,626101;7,097;0,006;R
2,626552;7,162;0,006;R
2,627015;7,146;0,006;R
2,627466;7,129;0,006;R
2,627918;7,079;0,006;R
2,628404;7,11;0,006;R
2,628867;7,114;0,006;R
2,629341;7,134;0,006;R
2,629804;7,081;0,006;R
2,630279;7,103;0,006;R
2,630742;7,193;0,006;R
2,631205;7,134;0,006;R
2,631668;7,129;0,006;R
2,632119;7,166;0,006;R
2,632571;7,16;0,006;R
2,633022;7,164;0,006;R
2,633485;7,176;0,006;R
2,633959;7,161;0,006;R
2,634434;7,128;0,006;R
2,634897;7,188;0,006;R
2,635348;7,15;0,006;R
2,635823;7,133;0,006;R
2,636286;7,15;0,006;R
2,636749;6,992;0,007;R
2,637223;7,161;0,006;R
2,637675;7,131;0,006;R
2,638149;7,141;0,006;R
2,638624;7,152;0,006;R
2,639087;7,158;0,006;R
2,639538;7,119;0,006;R
2,640001;7,163;0,006;R
2,640476;7,184;0,006;R
2,64095;7,139;0,006;R
2,641413;7,141;0,006;R
2,641888;7,076;0,006;R
2,642339;7,131;0,006;R
2,642814;7,123;0,006;R
2,643277;7,128;0,006;R
2,643751;7,163;0,006;R
2,644214;7,157;0,006;R
2,644689;7,138;0,006;R
2,645152;7,119;0,006;R
2,645603;7,233;0,006;R
2,646078;7,157;0,006;R
2,64654;7,107;0,006;R
2,646992;7,174;0,006;R
2,647466;7,173;0,006;R
2,647941;7,167;0,006;R
2,648404;7,186;0,006;R
2,648878;7,164;0,006;R
2,649341;7,156;0,006;R
2,649804;7,179;0,006;R
2,650279;7,175;0,006;R
2,650742;7,21;0,006;R
2,651205;7,162;0,006;R
2,651668;7,187;0,006;R
2,652131;7,177;0,006;R
2,652594;7,187;0,006;R
2,653057;7,18;0,006;R
2,653531;7,192;0,006;R
2,654006;7,158;0,006;R
2,654469;7,126;0,006;R
2,654955;7,196;0,006;R
2,655418;7,145;0,006;R
2,655881;7,143;0,006;R
2,656344;7,144;0,006;R
2,656807;7,18;0,006;R
2,657281;7,164;0,006;R
2,657744;7,154;0,006;R
2,658207;7,169;0,006;R
2,65867;7,183;0,006;R
2,659121;7,201;0,006;R
2,659596;7,183;0,006;R
2,660059;7,193;0,006;R
2,660534;7,171;0,006;R
2,660996;7,16;0,006;R
2,661459;7,168;0,006;R
2,661922;7,153;0,006;R
2,662397;7,144;0,006;R
2,66286;7,176;0,006;R
2,663323;7,178;0,006;R
2,663786;7,145;0,006;R
2,664249;7,135;0,006;R
2,664712;7,198;0,006;R
2,665175;7,137;0,006;R
2,665638;7,208;0,006;R
2,666089;7,157;0,006;R
2,666564;7,201;0,006;R
2,667038;7,173;0,006;R
2,667501;7,149;0,006;R
2,667964;7,179;0,006;R
2,668427;7,163;0,006;R
2,66889;7,075;0,006;R
2,669353;7,138;0,006;R
2,669828;7,137;0,006;R
2,67029;7,164;0,006;R
2,670765;7,185;0,006;R
2,671228;7,16;0,006;R
2,671703;7,169;0,006;R
2,672165;7,15;0,006;R
2,672628;7,156;0,006;R
2,673091;7,17;0,006;R
2,673566;7,092;0,006;R
2,674052;7,189;0,006;R
2,674527;7,146;0,006;R
2,675001;7,138;0,006;R
2,675464;7,232;0,006;R
2,675939;7,066;0,006;R
2,676402;7,136;0,006;R
2,676876;7,151;0,006;R
2,677339;7,164;0,006;R
2,677802;7,198;0,006;R
2,67816;7,06;0,02;R
2,678277;7,166;0,006;R
2,67874;7,18;0,006;R
2,679214;7,164;0,006;R
2,679677;7,168;0,006;R
2,68014;7,219;0,006;R
2,680603;7,122;0,006;R
2,681066;7,228;0,006;R
2,68154;7,216;0,006;R
2,682015;7,123;0,006;R
2,68249;7,164;0,006;R
2,682964;7,168;0,006;R
2,683427;7,125;0,006;R
2,683902;7,108;0,006;R
2,684365;7,134;0,006;R
2,684839;7,14;0,006;R
2,685302;7,204;0,006;R
2,685777;7,153;0,006;R
2,686251;7,149;0,006;R
2,686726;7,13;0,007;R
2,687189;7,126;0,006;R
3,09095;7,194;0,003;R
3,593959;7,206;0,006;R
3,594422;7,248;0,006;R
3,594897;7,24;0,006;R
3,59536;7,251;0,006;R
3,595823;7,25;0,006;R
3,596297;7,273;0,006;R
3,596784;7,269;0,006;R
3,597246;7,262;0,006;R
3,597721;7,279;0,006;R
3,598184;7,243;0,006;R
3,598659;7,265;0,006;R
3,599121;7,257;0,006;R
3,599596;7,27;0,006;R
3,600071;7,266;0,005;R
3,600534;7,244;0,006;R
3,601008;7,254;0,006;R
3,601471;7,263;0,006;R
3,601946;7,285;0,005;R
3,60242;7,253;0,006;R
3,602883;7,261;0,006;R
3,603358;7,275;0,006;R
3,603844;7,268;0,005;R
3,604307;7,26;0,006;R
3,60477;7,271;0,005;R
3,605244;7,29;0,006;R
3,605719;7,285;0,005;R
3,606193;7,279;0,006;R
3,606656;7,268;0,006;R
3,607119;7,289;0,005;R
3,607594;7,278;0,006;R
3,608068;7,277;0,005;R
3,608543;7,282;0,006;R
3,609017;7,288;0,006;R
3,609492;7,296;0,006;R
3,609966;7,29;0,006;R
3,610441;7,293;0,005;R
3,610915;7,274;0,006;R
3,611378;7,313;0,006;R
3,611853;7,288;0,005;R
3,612328;7,295;0,005;R
3,612802;7,323;0,005;R
3,613288;7,307;0,006;R
3,613774;7,292;0,006;R
3,61426;7,296;0,006;R
3,6146;6,722;0,015;R
3,614735;7,295;0,006;R
3,615221;7,306;0,006;R
3,615696;7,32;0,006;R
3,61617;7,31;0,006;R
3,616668;7,31;0,005;R
3,617142;7,3;0,006;R
3,617617;7,299;0,005;R
3,618115;7,315;0,005;R
3,618589;7,311;0,005;R
3,619064;7,302;0,006;R
3,619538;7,323;0,005;R
3,620013;7,3;0,005;R
3,620487;7,304;0,005;R
3,620973;7,306;0,006;R
3,621459;7,314;0,005;R
3,621957;7,301;0,006;R
3,622443;7,33;0,006;R
3,622929;7,306;0,006;R
3,623415;7,317;0,005;R
3,623902;7,324;0,005;R
3,624376;7,32;0,005;R
3,624851;7,308;0,005;R
3,625337;7,298;0,006;R
3,625811;7,335;0,005;R
3,626297;7,326;0,006;R
3,626795;7,324;0,005;R
3,627281;7,345;0,006;R
3,627767;7,337;0,005;R
3,628253;7,336;0,006;R
3,62874;7,33;0,006;R
3,629226;7,358;0,005;R
3,629712;7,349;0,006;R
3,630198;7,312;0,006;R
3,630684;7,328;0,006;R
3,631159;7,339;0,006;R
3,631645;7,335;0,006;R
3,632131;7,318;0,006;R
3,632617;7,325;0,006;R
3,633103;7,343;0,006;R
3,633589;7,352;0,006;R
3,634075;7,339;0,006;R
3,634561;7,329;0,006;R
3,635047;7,326;0,006;R
3,635534;7,326;0,006;R
3,63602;7,336;0,006;R
3,636506;7,347;0,006;R
3,636992;7,307;0,006;R
3,637466;7,363;0,006;R
3,637953;7,339;0,006;R
3,638439;7,335;0,006;R
3,638925;7,329;0,006;R
3,639422;7,337;0,005;R
3,639897;7,34;0,006;R
3,640383;7,318;0,006;R
3,640869;7,346;0,006;R
3,641367;7,353;0,006;R
3,641841;7,353;0,006;R
3,642328;7,374;0,006;R
3,642814;7,32;0,006;R
3,6433;7,345;0,006;R
3,643786;7,332;0,006;R
3,644272;7,33;0,006;R
3,644758;7,326;0,006;R
3,645233;7,347;0,006;R
3,645719;7,375;0,006;R
3,646205;7,343;0,006;R
3,646703;7,346;0,006;R
3,647177;7,349;0,006;R
3,647675;7,341;0,006;R
3,648172;7,324;0,006;R
3,648659;7,344;0,006;R
3,649156;7,338;0,006;R
3,649642;7,382;0,006;R
3,65014;7,343;0,006;R
3,650626;7,329;0,006;R
3,651112;7,337;0,006;R
3,65161;7,353;0,006;R
3,652084;7,345;0,006;R
3,652582;7,354;0,006;R
3,653057;7,353;0,006;R
3,653543;7,379;0,006;R
3,65404;7,349;0,006;R
3,654515;7,339;0,006;R
3,655013;7,356;0,006;R
3,655487;7,349;0,006;R
3,655985;7,37;0,006;R
3,656459;7,343;0,006;R
3,656957;7,348;0,006;R
3,657432;7,355;0,006;R
3,657929;7,326;0,006;R
3,658415;7,366;0,006;R
3,658902;7,355;0,006;R
3,659399;7,323;0,006;R
3,659885;7,322;0,006;R
3,660383;7,326;0,006;R
3,660869;7,353;0,006;R
3,661367;7,358;0,006;R
3,661876;7,354;0,006;R
3,662374;7,348;0,006;R
3,662848;7,379;0,006;R
3,663346;7,385;0,006;R
3,663821;7,372;0,006;R
3,66433;7,37;0,006;R
3,664828;7,35;0,006;R
3,665302;7,336;0,006;R
3,6658;7,362;0,006;R
3,666286;7,354;0,006;R
3,666772;7,317;0,006;R
3,667258;7,366;0,006;R
3,667744;7,348;0,006;R
3,66823;7,356;0,006;R
3,66874;7,349;0,006;R
3,669226;7,348;0,006;R
3,669723;7,362;0,006;R
3,670221;7,341;0,006;R
3,670696;7,355;0,006;R
3,671193;7,354;0,006;R
3,671668;7,359;0,006;R
3,672165;7,323;0,006;R
3,672663;7,355;0,006;R
3,673138;7,364;0,006;R
3,673635;7,324;0,006;R
3,67411;7,356;0,006;R
3,674608;7,345;0,006;R
3,675105;7,319;0,006;R
3,67558;7,352;0,006;R
3,676078;7,366;0,006;R
3,676552;7,354;0,006;R
3,67705;7,361;0,006;R
3,677547;7,367;0,006;R
3,678022;7,348;0,006;R
3,67852;7,353;0,006;R
3,679006;7,35;0,006;R
3,679492;7,352;0,006;R
3,67999;7,322;0,006;R
3,680499;7,373;0,006;R
3,680985;7,334;0,006;R
3,681471;7,331;0,006;R
3,681969;7,348;0,006;R
3,682478;7,348;0,006;R
3,682964;7,351;0,006;R
3,683462;7,36;0,006;R
3,683948;7,337;0,006;R
3,684434;7,356;0,006;R
3,68492;7,357;0,006;R
3,685406;7,347;0,006;R
3,685904;7,349;0,006;R
3,686402;7,361;0,006;R
3,686899;7,348;0,006;R
3,687397;7,354;0,006;R
3,70276;7,383;0,011;R
4,02577;7,268;0,004;R
4,541205;7,451;0,006;R
4,541679;7,423;0,006;R
4,542154;7,397;0,006;R
4,542605;7,382;0,006;R
4,54308;7,444;0,006;R
4,543531;7,397;0,006;R
4,544006;7,417;0,006;R
4,54448;7,391;0,006;R
4,544943;7,401;0,006;R
4,545418;7,411;0,006;R
4,545869;7,4;0,006;R
4,546344;7,423;0,006;R
4,546818;7,422;0,006;R
4,54727;7,385;0,006;R
4,547744;7,426;0,006;R
4,548219;7,4;0,006;R
4,548682;7,406;0,006;R
4,549156;7,398;0,006;R
4,549619;7,418;0,006;R
4,550082;7,385;0,006;R
4,550557;7,429;0,006;R
4,55102;7,415;0,006;R
4,551494;7,385;0,006;R
4,551969;7,402;0,006;R
4,55242;7,423;0,006;R
4,552895;7,426;0,006;R
4,553369;7,417;0,006;R
4,553832;7,429;0,006;R
4,554307;7,428;0,006;R
4,55477;7,42;0,006;R
4,555233;7,425;0,006;R
4,555707;7,435;0,006;R
4,55617;7,427;0,006;R
4,556645;7,418;0,006;R
4,557108;7,42;0,006;R
4,557582;7,429;0,006;R
4,558045;7,393;0,006;R
4,55852;7,418;0,006;R
4,558983;7,418;0,006;R
4,559446;7,408;0,006;R
4,55992;7,428;0,006;R
4,560395;7,443;0,006;R
4,560881;7,424;0,006;R
4,561355;7,418;0,006;R
4,561818;7,441;0,006;R
4,562293;7,427;0,006;R
4,562756;7,41;0,006;R
4,56323;7,466;0,006;R
4,563693;7,415;0,006;R
4,564179;7,425;0,006;R
4,564642;7,426;0,006;R
4,565117;7,433;0,006;R
4,56558;7,419;0,006;R
4,566043;7,43;0,006;R
4,566517;7,441;0,006;R
4,566992;7,441;0,006;R
4,567455;7,423;0,006;R
4,567929;7,428;0,006;R
4,568392;7,439;0,006;R
4,568867;7,423;0,006;R
4,56933;7,437;0,006;R
4,569804;7,445;0,006;R
4,570267;7,417;0,006;R
4,570742;7,413;0,006;R
4,571216;7,432;0,006;R
4,571679;7,433;0,006;R
4,572154;7,415;0,006;R
4,57264;7,444;0,006;R
4,573115;7,425;0,006;R
4,573589;7,443;0,006;R
4,574052;7,421;0,006;R
4,574538;7,422;0,006;R
4,575013;7,449;0,006;R
4,575476;7,43;0,006;R
4,57595;7,447;0,006;R
4,576425;7,449;0,006;R
4,576899;7,437;0,006;R
4,577374;7,437;0,006;R
4,577848;7,44;0,006;R
4,578323;7,433;0,006;R
4,578786;7,435;0,006;R
4,579249;7,463;0,006;R
4,579723;7,454;0,006;R
4,580198;7,443;0,006;R
4,580672;7,434;0,006;R
4,581135;7,446;0,006;R
4,58161;7,459;0,006;R
4,582073;7,47;0,006;R
4,582536;7,451;0,006;R
4,582999;7,443;0,006;R
4,583473;7,442;0,006;R
4,583948;7,45;0,006;R
4,584422;7,449;0,006;R
4,584885;7,453;0,006;R
4,58536;7,464;0,006;R
4,585823;7,445;0,006;R
4,586286;7,449;0,006;R
4,586749;7,449;0,006;R
4,587212;7,465;0,006;R
4,587686;7,458;0,006;R
4,588161;7,469;0,006;R
4,588635;7,457;0,006;R
4,58911;7,468;0,006;R
4,589584;7,459;0,006;R
4,590059;7,451;0,006;R
4,590534;7,484;0,006;R
4,591297;7,479;0,006;R
4,591772;7,465;0,006;R
4,592246;7,467;0,006;R
4,592721;7,47;0,006;R
4,593196;7,463;0,006;R
4,59367;7,462;0,006;R
4,594145;7,449;0,006;R
4,594608;7,461;0,006;R
4,595082;7,49;0,006;R
4,595545;7,476;0,006;R
4,596008;7,503;0,006;R
4,596471;7,455;0,006;R
4,596934;7,483;0,006;R
4,597397;7,481;0,006;R
4,597871;7,463;0,006;R
4,598346;7,474;0,006;R
4,598832;7,483;0,006;R
4,599307;7,49;0,006;R
4,599781;7,457;0,006;R
4,600256;7,465;0,006;R
4,60073;7,477;0,006;R
4,601205;7,492;0,006;R
4,601668;7,483;0,006;R
4,602131;7,496;0,006;R
4,602605;7,482;0,006;R
4,603068;7,486;0,006;R
4,603531;7,486;0,006;R
4,603994;7,47;0,006;R
4,60448;7,485;0,006;R
4,604966;7,484;0,006;R
4,605453;7,475;0,006;R
4,605927;7,511;0,006;R
4,60639;7,482;0,006;R
4,606865;7,472;0,006;R
4,607328;7,489;0,006;R
4,60779;7,449;0,006;R
4,608253;7,496;0,006;R
4,60874;7,476;0,006;R
4,609226;7,486;0,006;R
4,6097;7,496;0,006;R
4,610163;7,49;0,006;R
4,610626;7,504;0,006;R
4,611112;7,495;0,005;R
4,611587;7,477;0,006;R
4,612061;7,481;0,006;R
4,612559;7,484;0,006;R
4,613034;7,497;0,006;R
4,613496;7,473;0,006;R
4,613959;7,502;0,006;R
4,614446;7,466;0,006;R
4,61492;7,494;0,006;R
4,615395;7,52;0,006;R
4,61588;6,792;0,075;R
4,615881;7,459;0,006;R
4,616344;7,469;0,006;R
4,616807;7,478;0,006;R
4,617328;7,486;0,006;R
4,617802;7,481;0,006;R
4,618277;7,487;0,006;R
4,618763;7,486;0,006;R
4,619237;7,512;0,006;R
4,6197;7,506;0,006;R
4,620186;7,494;0,006;R
4,620649;7,488;0,006;R
4,621135;7,496;0,006;R
4,62161;7,495;0,006;R
4,622084;7,497;0,005;R
4,622547;7,506;0,006;R
4,623034;7,497;0,006;R
4,623496;7,515;0,006;R
4,623983;7,488;0,006;R
4,624457;7,48;0,006;R
4,624932;7,511;0,006;R
4,625418;7,507;0,006;R
4,625892;7,492;0,006;R
4,626378;7,476;0,006;R
4,626853;7,498;0,006;R
4,627339;7,501;0,006;R
4,627814;7,533;0,006;R
4,628288;7,498;0,006;R
4,628774;7,482;0,006;R
4,629249;7,5;0,006;R
4,629723;7,497;0,006;R
4,630209;7,506;0,006;R
4,630684;7,508;0,006;R
4,631159;7,509;0,006;R
4,631645;7,491;0,006;R
4,632131;7,505;0,006;R
4,632617;7,495;0,006;R
4,633091;7,497;0,006;R
4,633578;7,501;0,006;R
4,634052;7,512;0,006;R
4,634527;7,499;0,006;R
4,635013;7,5;0,006;R
4,635499;7,487;0,006;R
4,635973;7,487;0,006;R
4,636459;7,514;0,006;R
4,636934;7,509;0,006;R
4,63742;7,483;0,006;R
4,637895;7,506;0,006;R
4,638381;7,493;0,006;R
4,638867;7,495;0,006;R
4,639353;7,511;0,006;R
4,639839;7,492;0,006;R
4,640337;7,475;0,006;R
4,640823;7,499;0,006;R
4,641309;7,497;0,006;R
4,641784;7,508;0,006;R
4,642258;7,516;0,006;R
4,642733;7,489;0,006;R
4,643207;7,508;0,006;R
4,643693;7,475;0,006;R
4,644179;7,494;0,006;R
4,644654;7,478;0,006;R
4,64514;7,492;0,006;R
4,645615;7,483;0,006;R
4,646101;7,486;0,006;R
4,646587;7,482;0,006;R
4,647061;7,505;0,006;R
4,647536;7,493;0,006;R
4,64801;7,493;0,006;R
4,648496;7,485;0,006;R
4,648971;7,504;0,006;R
4,649457;7,489;0,006;R
4,649955;7,5;0,006;R
4,650441;7,509;0,006;R
4,650927;7,504;0,006;R
4,651413;7,497;0,006;R
4,651899;7,514;0,006;R
4,652385;7,479;0,006;R
4,65286;7,499;0,006;R
4,653334;7,489;0,006;R
4,653809;7,503;0,006;R
4,654284;7,495;0,006;R
4,654758;7,488;0,006;R
4,655244;7,495;0,006;R
4,65573;7,492;0,006;R
4,656216;7,511;0,006;R
4,656703;7,504;0,006;R
4,657177;7,483;0,006;R
4,657675;7,49;0,006;R
4,658161;7,502;0,006;R
4,658647;7,475;0,006;R
4,659145;7,472;0,006;R
4,659631;7,488;0,006;R
4,660105;7,491;0,006;R
4,660603;7,483;0,006;R
4,661089;7,485;0,006;R
4,661575;7,5;0,006;R
4,662061;7,475;0,006;R
4,662547;7,452;0,006;R
4,663034;7,488;0,006;R
4,663531;7,463;0,006;R
4,664017;7,485;0,006;R
4,664492;7,444;0,006;R
4,66499;7,45;0,006;R
4,665476;7,481;0,006;R
4,665973;7,477;0,006;R
4,666459;7,479;0,006;R
4,666957;7,493;0,006;R
4,667443;7,475;0,006;R
4,667929;7,458;0,006;R
4,668427;7,478;0,006;R
4,668913;7,51;0,006;R
4,669399;7,493;0,006;R
4,669897;7,495;0,006;R
4,670383;7,476;0,006;R
4,670869;7,469;0,006;R
4,671344;7,49;0,006;R
4,671841;7,462;0,006;R
4,672328;7,475;0,006;R
4,672825;7,468;0,006;R
4,673311;7,476;0,006;R
4,673809;7,462;0,006;R
4,674307;7,465;0,006;R
4,674793;7,481;0,006;R
4,675279;7,461;0,006;R
4,675777;7,473;0,006;R
4,676263;7,485;0,006;R
4,676749;7,468;0,006;R
4,67677;7,234;0,011;R
4,677246;7,449;0,006;R
4,677744;7,467;0,006;R
4,67823;7,48;0,006;R
4,67874;7,464;0,006;R
4,679237;7,465;0,006;R
4,679723;7,471;0,006;R
4,680209;7,48;0,006;R
4,680719;7,469;0,006;R
4,681216;7,498;0,006;R
4,681703;7,483;0,006;R
4,6822;7,473;0,006;R
4,682698;7,461;0,006;R
4,683184;7,485;0,006;R
4,683682;7,472;0,006;R
4,684179;7,472;0,006;R
4,684677;7,47;0,006;R
4,685163;7,452;0,006;R
4,685661;7,462;0,006;R
4,686147;7,468;0,006;R
4,686633;7,45;0,006;R
4,687131;7,458;0,006;R
5,09217;7,364;0,004;R
5,54036;7,611;0,006;R
5,540834;7,59;0,006;R
5,541297;7,596;0,006;R
5,541772;7,564;0,006;R
5,542223;7,587;0,006;R
5,542698;7,654;0,006;R
5,543161;7,575;0,006;R
5,543624;7,61;0,006;R
5,544098;7,593;0,006;R
5,544561;7,606;0,006;R
5,545036;7,585;0,006;R
5,545499;7,619;0,006;R
5,545962;7,579;0,006;R
5,546436;7,617;0,006;R
5,546899;7,603;0,006;R
5,547374;7,602;0,006;R
5,547837;7,591;0,006;R
5,548311;7,577;0,006;R
5,548774;7,585;0,006;R
5,549249;7,599;0,006;R
5,549712;7,59;0,006;R
5,550186;7,599;0,006;R
5,550649;7,584;0,006;R
5,551112;7,605;0,006;R
5,551587;7,582;0,006;R
5,55205;7,593;0,006;R
5,552513;7,593;0,006;R
5,552987;7,567;0,006;R
5,55345;7,605;0,006;R
5,553925;7,586;0,006;R
5,554388;7,572;0,006;R
5,554862;7,601;0,006;R
5,555337;7,609;0,006;R
5,555811;7,613;0,006;R
5,556274;7,624;0,006;R
5,556737;7,596;0,006;R
5,557212;7,586;0,006;R
5,557686;7,58;0,006;R
5,558161;7,579;0,006;R
5,558624;7,589;0,006;R
5,559098;7,601;0,006;R
5,559561;7,604;0,006;R
5,560024;7,612;0,006;R
5,560499;7,595;0,006;R
5,560985;7,549;0,006;R
5,561448;7,547;0,006;R
5,561922;7,587;0,006;R
5,562397;7,623;0,006;R
5,562871;7,616;0,006;R
5,563334;7,604;0,006;R
5,563797;7,632;0,006;R
5,564272;7,594;0,006;R
5,564746;7,59;0,006;R
5,565221;7,594;0,006;R
5,565696;7,594;0,006;R
5,56617;7,598;0,006;R
5,566645;7,616;0,006;R
5,567108;7,583;0,006;R
5,567571;7,598;0,006;R
5,568034;7,584;0,006;R
5,568496;7,617;0,006;R
5,568971;7,6;0,006;R
5,569446;7,601;0,006;R
5,56992;7,592;0,006;R
5,570395;7,581;0,006;R
5,570869;7,584;0,006;R
5,571344;7,587;0,006;R
5,571807;7,59;0,006;R
5,57227;7,592;0,006;R
5,572744;7,605;0,006;R
5,573219;7,612;0,006;R
5,573693;7,581;0,006;R
5,574168;7,584;0,006;R
5,574642;7,601;0,006;R
5,575117;7,613;0,006;R
5,575591;7,623;0,006;R
5,576066;7,6;0,006;R
5,57654;7,603;0,006;R
5,577015;7,601;0,006;R
5,57749;7,576;0,006;R
5,577964;7,613;0,006;R
5,578427;7,585;0,006;R
5,57889;7,606;0,006;R
5,579353;7,603;0,006;R
5,579816;7,593;0,006;R
5,580279;7,595;0,006;R
5,580753;7,603;0,006;R
5,581228;7,611;0,006;R
5,581703;7,59;0,006;R
5,582177;7,614;0,006;R
5,582652;7,6;0,006;R
5,583126;7,586;0,006;R
5,583601;7,593;0,006;R
5,584075;7,605;0,006;R
5,58455;7,585;0,006;R
5,585024;7,592;0,006;R
5,585499;7,6;0,006;R
5,585985;7,596;0,006;R
5,586459;7,601;0,006;R
5,586934;7,6;0,006;R
5,587409;7,582;0,006;R
5,587883;7,615;0,006;R
5,588682;7,616;0,006;R
5,589156;7,625;0,006;R
5,589631;7,584;0,006;R
5,590105;7,62;0,006;R
5,590568;7,591;0,006;R
5,591043;7,626;0,006;R
5,591517;7,637;0,006;R
5,59198;7,608;0,006;R
5,592455;7,607;0,006;R
5,592941;7,597;0,006;R
5,593404;7,589;0,006;R
5,593867;7,6;0,006;R
5,594341;7,606;0,006;R
5,594816;7,592;0,006;R
5,59529;7,594;0,006;R
5,595765;7,609;0,006;R
5,59624;7,575;0,006;R
5,596714;7,585;0,006;R
5,597177;7,578;0,006;R
5,59764;7,599;0,006;R
5,598115;7,577;0,006;R
5,598589;7,555;0,006;R
5,599064;7,627;0,006;R
5,599538;7,566;0,006;R
5,600013;7,61;0,006;R
5,600487;7,612;0,006;R
5,60095;7,614;0,006;R
5,601413;7,595;0,006;R
5,601876;7,613;0,006;R
5,602351;7,574;0,006;R
5,602825;7,594;0,006;R
5,6033;7,561;0,006;R
5,603774;7,588;0,006;R
5,60426;7,602;0,006;R
5,604723;7,615;0,006;R
5,605186;7,603;0,006;R
5,605672;7,601;0,006;R
5,606147;7,591;0,006;R
5,606621;7,598;0,006;R
5,607108;7,596;0,006;R
5,607571;7,566;0,006;R
5,608045;7,573;0,006;R
5,60852;7,584;0,006;R
5,609006;7,574;0,006;R
5,60948;7,606;0,006;R
5,609955;7,587;0,006;R
5,610441;7,584;0,006;R
5,610904;7,591;0,006;R
5,611378;7,596;0,006;R
5,611865;7,584;0,006;R
5,612339;7,612;0,006;R
5,612825;7,585;0,006;R
5,613288;7,616;0,006;R
5,613763;7,591;0,006;R
5,614249;7,57;0,006;R
5,614723;7,6;0,006;R
5,615209;7,596;0,006;R
5,615672;7,587;0,006;R
5,616159;7,576;0,006;R
5,616621;7,58;0,006;R
5,617108;7,628;0,006;R
5,617571;7,595;0,006;R
5,618045;7,594;0,006;R
5,618531;7,576;0,006;R
5,619017;7,598;0,006;R
5,619503;7,591;0,006;R
5,61999;7,598;0,006;R
5,620464;7,567;0,006;R
5,62095;7,604;0,006;R
5,621425;7,613;0,006;R
5,621911;7,583;0,006;R
5,622374;7,589;0,006;R
5,62286;7,597;0,006;R
5,623323;7,578;0,006;R
5,623809;7,61;0,006;R
5,624295;7,598;0,006;R
5,624758;7,582;0,006;R
5,625244;7,59;0,006;R
5,62573;7,574;0,006;R
5,626205;7,578;0,006;R
5,626691;7,591;0,006;R
5,627177;7,596;0,006;R
5,627652;7,589;0,006;R
5,628126;7,601;0,006;R
5,628624;7,59;0,006;R
5,629087;7,577;0,006;R
5,629573;7,574;0,006;R
5,630059;7,585;0,006;R
5,630534;7,554;0,006;R
5,63102;7,583;0,006;R
5,631506;7,583;0,006;R
5,63198;7,575;0,006;R
5,632455;7,575;0,006;R
5,632941;7,596;0,006;R
5,633427;7,6;0,006;R
5,633902;7,593;0,006;R
5,634388;7,593;0,006;R
5,634874;7,583;0,006;R
5,635348;7,563;0,006;R
5,635834;7,583;0,006;R
5,636321;7,583;0,006;R
5,636795;7,584;0,006;R
5,637281;7,586;0,006;R
5,637779;7,559;0,006;R
5,638253;7,597;0,006;R
5,638728;7,577;0,006;R
5,639203;7,596;0,006;R
5,639677;7,583;0,006;R
5,640152;7,578;0,006;R
5,640626;7,556;0,006;R
5,641101;7,571;0,006;R
5,641575;7,586;0,006;R
5,64205;7,549;0,006;R
5,642536;7,587;0,006;R
5,643022;7,55;0,006;R
5,643496;7,598;0,006;R
5,643983;7,581;0,006;R
5,644469;7,563;0,006;R
5,644955;7,554;0,006;R
5,645429;7,577;0,006;R
5,645904;7,578;0,006;R
5,646378;7,568;0,006;R
5,646853;7,596;0,006;R
5,647328;7,566;0,006;R
5,647814;7,58;0,006;R
5,6483;7,566;0,006;R
5,648786;7,567;0,006;R
5,649284;7,573;0,006;R
5,64977;7,581;0,006;R
5,650256;7,59;0,006;R
5,650742;7,556;0,006;R
5,651228;7,571;0,006;R
5,651703;7,572;0,006;R
5,652177;7,571;0,006;R
5,652663;7,583;0,006;R
5,653161;7,568;0,006;R
5,653647;7,584;0,006;R
5,654133;7,525;0,006;R
5,654608;7,572;0,006;R
5,655082;7,562;0,006;R
5,655568;7,56;0,006;R
5,656066;7,566;0,006;R
5,656552;7,559;0,006;R
5,657027;7,579;0,006;R
5,657524;7,58;0,006;R
5,65801;7,571;0,006;R
5,658496;7,547;0,006;R
5,658994;7,577;0,006;R
5,65948;7,544;0,006;R
5,659955;7,535;0,006;R
5,660453;7,541;0,006;R
5,660939;7,55;0,006;R
5,661436;7,581;0,006;R
5,661922;7,581;0,006;R
5,662397;7,511;0,006;R
5,662895;7,523;0,006;R
5,663381;7,552;0,006;R
5,663867;7,562;0,006;R
5,664365;7,556;0,006;R
5,664851;7,563;0,006;R
5,665337;7,555;0,006;R
5,665823;7,565;0,006;R
5,666321;7,526;0,006;R
5,666807;7,543;0,006;R
5,667293;7,566;0,006;R
5,667779;7,538;0,006;R
5,668277;7,563;0,006;R
5,668751;7,551;0,006;R
5,669249;7,564;0,006;R
5,669723;7,551;0,006;R
5,670221;7,519;0,006;R
5,670707;7,56;0,006;R
5,671193;7,557;0,006;R
5,671691;7,543;0,006;R
5,672177;7,539;0,006;R
5,672675;7,533;0,006;R
5,673161;7,474;0,006;R
5,673647;7,516;0,006;R
5,674145;7,56;0,006;R
5,674631;7,503;0,006;R
5,675128;7,553;0,006;R
5,675626;7,555;0,006;R
5,676124;7,534;0,006;R
5,67661;7,55;0,006;R
5,677108;7,551;0,006;R
5,677594;7,527;0,006;R
5,67808;7,539;0,006;R
5,678578;7,559;0,006;R
5,679064;7,537;0,006;R
5,67955;7,533;0,006;R
5,680036;7,555;0,006;R
5,680534;7,549;0,006;R
5,68102;7,519;0,006;R
5,681506;7,55;0,006;R
5,681992;7,542;0,006;R
5,682478;7,543;0,006;R
5,682964;7,551;0,006;R
5,68345;7,553;0,006;R
5,683936;7,524;0,006;R
5,684422;7,545;0,006;R
5,684909;7,563;0,006;R
5,685429;7,536;0,006;R
5,685927;7,536;0,006;R
5,686425;7,545;0,006;R
5,686911;7,523;0,006;R
5,687409;7,518;0,006;R
5,69565;7,262;0;R
5,817542;7,403;0,005;R
5,822398;7,399;0,005;R
5,82734;7,399;0,006;R
5,832206;7,407;0,008;R
5,837012;7,419;0,006;R
5,841868;7,396;0,006;R
5,846889;7,416;0,006;R
6,09164;7,436;0,003;R
6,536159;7,707;0,006;R
6,536633;7,719;0,006;R
6,537096;7,717;0,006;R
6,537559;7,726;0,006;R
6,538022;7,714;0,006;R
6,538485;7,715;0,006;R
6,538948;7,728;0,006;R
6,539422;7,709;0,006;R
6,539897;7,717;0,006;R
6,54036;7,724;0,006;R
6,540823;7,706;0,006;R
6,541286;7,718;0,006;R
6,54176;7,745;0,006;R
6,542223;7,733;0,006;R
6,542686;7,715;0,006;R
6,543149;7,714;0,006;R
6,543612;7,703;0,006;R
6,544087;7,736;0,006;R
6,54455;7,706;0,006;R
6,545024;7,728;0,006;R
6,545499;7,727;0,006;R
6,545962;7,692;0,006;R
6,546436;7,72;0,006;R
6,546911;7,725;0,006;R
6,547374;7,72;0,006;R
6,547848;7,71;0,006;R
6,548323;7,733;0,006;R
6,548797;7,708;0,006;R
6,54926;7,708;0,006;R
6,549735;7,707;0,006;R
6,550198;7,728;0,006;R
6,550672;7,701;0,006;R
6,551135;7,692;0,006;R
6,55161;7,698;0,006;R
6,552073;7,737;0,006;R
6,552547;7,731;0,006;R
6,553022;7,72;0,006;R
6,553485;7,723;0,006;R
6,553959;7,726;0,006;R
6,554434;7,702;0,006;R
6,554897;7,713;0,006;R
6,555371;7,703;0,006;R
6,555834;7,728;0,006;R
6,556297;7,718;0,006;R
6,556784;7,715;0,006;R
6,557258;7,725;0,006;R
6,557721;7,722;0,006;R
6,558184;7,719;0,006;R
6,558659;7,734;0,006;R
6,559121;7,706;0,006;R
6,559596;7,716;0,006;R
6,560071;7,731;0,006;R
6,560545;7,715;0,006;R
6,56102;7,735;0,006;R
6,561483;7,733;0,006;R
6,561946;7,731;0,006;R
6,56242;7,721;0,006;R
6,562895;7,736;0,006;R
6,563358;7,725;0,006;R
6,563832;7,72;0,006;R
6,564307;7,716;0,006;R
6,56477;7,73;0,006;R
6,565244;7,729;0,006;R
6,565719;7,727;0,006;R
6,566182;7,709;0,006;R
6,566656;7,715;0,006;R
6,567119;7,726;0,006;R
6,567594;7,716;0,006;R
6,568068;7,709;0,006;R
6,568531;7,739;0,006;R
6,568994;7,726;0,006;R
6,569469;7,713;0,006;R
6,569943;7,721;0,006;R
6,570406;7,721;0,006;R
6,570881;7,709;0,006;R
6,571355;7,695;0,006;R
6,571841;7,723;0,006;R
6,572304;7,719;0,006;R
6,572779;7,72;0,006;R
6,573253;7,739;0,006;R
6,573728;7,716;0,006;R
6,574203;7,699;0,006;R
6,574677;7,704;0,006;R
6,575152;7,719;0,006;R
6,575626;7,704;0,006;R
6,576101;7,718;0,006;R
6,576575;7,698;0,006;R
6,57705;7,713;0,006;R
6,577513;7,726;0,006;R
6,577987;7,712;0,006;R
6,578462;7,705;0,006;R
6,578925;7,733;0,006;R
6,579388;7,731;0,006;R
6,579862;7,718;0,006;R
6,580337;7,716;0,006;R
6,580811;7,727;0,006;R
6,581286;7,703;0,006;R
6,58176;7,715;0,006;R
6,582235;7,726;0,006;R
6,582709;7,721;0,006;R
6,583184;7,716;0,006;R
6,583659;7,73;0,006;R
6,584133;7,733;0,006;R
6,584608;7,737;0,006;R
6,585082;7,718;0,006;R
6,585846;7,74;0,006;R
6,586321;7,747;0,006;R
6,586795;7,72;0,006;R
6,58727;7,737;0,006;R
6,587744;7,741;0,006;R
6,588219;7,716;0,006;R
6,588693;7,727;0,006;R
6,589168;7,74;0,006;R
6,589642;7,751;0,006;R
6,590117;7,732;0,006;R
6,590591;7,72;0,006;R
6,591066;7,73;0,006;R
6,59154;7,713;0,006;R
6,592015;7,732;0,006;R
6,59249;7,734;0,006;R
6,592964;7,734;0,006;R
6,593439;7,736;0,006;R
6,593913;7,739;0,006;R
6,594388;7,747;0,006;R
6,594862;7,721;0,006;R
6,595337;7,748;0,006;R
6,595811;7,757;0,006;R
6,596286;7,728;0,006;R
6,596749;7,75;0,006;R
6,597223;7,745;0,006;R
6,597686;7,746;0,006;R
6,598161;7,735;0,006;R
6,598635;7,708;0,006;R
6,59911;7,731;0,006;R
6,599584;7,741;0,006;R
6,600059;7,744;0,006;R
6,600534;7,753;0,006;R
6,601008;7,73;0,006;R
6,601483;7,725;0,006;R
6,601946;7,739;0,006;R
6,60242;7,738;0,006;R
6,602883;7,737;0,006;R
6,603358;7,737;0,006;R
6,603832;7,749;0,006;R
6,604307;7,74;0,006;R
6,604781;7,749;0,006;R
6,605244;7,73;0,006;R
6,605707;7,72;0,006;R
6,606182;7,748;0,006;R
6,606656;7,738;0,006;R
6,607131;7,745;0,006;R
6,607605;7,737;0,006;R
6,60808;7,726;0,006;R
6,608554;7,732;0,006;R
6,609029;7,742;0,006;R
6,609503;7,739;0,006;R
6,609978;7,729;0,006;R
6,610453;7,736;0,006;R
6,610927;7,745;0,006;R
6,611402;7,719;0,006;R
6,611876;7,732;0,006;R
6,612351;7,733;0,006;R
6,612825;7,729;0,006;R
6,6133;7,75;0,006;R
6,613774;7,741;0,006;R
6,614249;7,721;0,006;R
6,614723;7,747;0,006;R
6,615198;7,726;0,006;R
6,615672;7,757;0,006;R
6,616147;7,726;0,006;R
6,616621;7,735;0,006;R
6,617096;7,74;0,006;R
6,617571;7,763;0,006;R
6,618045;7,742;0,006;R
6,61852;7,745;0,006;R
6,619006;7,757;0,006;R
6,619469;7,742;0,006;R
6,619955;7,741;0,006;R
6,620429;7,744;0,006;R
6,620915;7,785;0,006;R
6,621402;7,73;0,006;R
6,621876;7,714;0,006;R
6,622351;7,708;0,006;R
6,622825;7,721;0,006;R
6,6233;7,748;0,006;R
6,623786;7,744;0,006;R
6,62426;7,722;0,006;R
6,624735;7,744;0,006;R
6,625221;7,727;0,006;R
6,625684;7,726;0,006;R
6,62617;7,745;0,006;R
6,626656;7,751;0,006;R
6,627131;7,749;0,006;R
6,627605;7,753;0,006;R
6,628091;7,744;0,006;R
6,628578;7,733;0,006;R
6,629064;7,728;0,006;R
6,62955;7,758;0,006;R
6,630036;7,722;0,006;R
6,63051;7,727;0,006;R
6,630985;7,728;0,006;R
6,631471;7,725;0,006;R
6,631969;7,733;0,006;R
6,632443;7,731;0,006;R
6,632918;7,74;0,006;R
6,633392;7,722;0,006;R
6,633867;7,763;0,006;R
6,634353;7,747;0,006;R
6,634839;7,742;0,006;R
6,635325;7,736;0,006;R
6,635811;7,737;0,006;R
6,636286;7,735;0,006;R
6,63676;7,752;0,006;R
6,637246;7,766;0,006;R
6,637733;7,74;0,006;R
6,638219;7,745;0,006;R
6,638705;7,75;0,006;R
6,639191;7,738;0,006;R
6,639677;7,75;0,006;R
6,640163;7,736;0,006;R
6,640649;7,743;0,006;R
6,641135;7,731;0,006;R
6,641621;7,745;0,006;R
6,642108;7,713;0,006;R
6,642594;7,741;0,006;R
6,64308;7,735;0,006;R
6,643566;7,75;0,006;R
6,644052;7,729;0,006;R
6,644527;7,734;0,006;R
6,645001;7,741;0,006;R
6,645487;7,742;0,006;R
6,645996;7,716;0,006;R
6,646483;7,715;0,006;R
6,646969;7,705;0,006;R
6,647455;7,726;0,006;R
6,647929;7,74;0,006;R
6,648404;7,739;0,006;R
6,648902;7,702;0,006;R
6,649388;7,714;0,006;R
6,649862;7,727;0,006;R
6,650337;7,739;0,007;R
6,650834;7,739;0,006;R
6,651321;7,749;0,006;R
6,651807;7,695;0,007;R
6,652293;7,742;0,006;R
6,652767;7,725;0,006;R
6,653265;7,722;0,006;R
6,653751;7,733;0,006;R
6,654226;7,687;0,006;R
6,654712;7,698;0,006;R
6,655209;7,695;0,006;R
6,655696;7,732;0,006;R
6,65617;7,718;0,006;R
6,656668;7,697;0,006;R
6,657154;7,742;0,006;R
6,65764;7,72;0,006;R
6,658126;7,696;0,006;R
6,658601;7,728;0,006;R
6,659098;7,708;0,006;R
6,659584;7,708;0,006;R
6,660059;7,702;0,006;R
6,660557;7,718;0,006;R
6,661043;7,733;0,006;R
6,66154;7,736;0,006;R
6,662027;7,727;0,006;R
6,662513;7,721;0,006;R
6,662999;7,725;0,006;R
6,663485;7,721;0,006;R
6,663971;7,704;0,006;R
6,664457;7,698;0,006;R
6,664943;7,711;0,006;R
6,665441;7,715;0,006;R
6,665927;7,717;0,006;R
6,666413;7,703;0,006;R
6,666911;7,723;0,006;R
6,667409;7,726;0,006;R
6,667906;7,717;0,006;R
6,668392;7,728;0,006;R
6,668878;7,721;0,006;R
6,669376;7,725;0,006;R
6,669862;7,712;0,006;R
6,67036;7,719;0,006;R
6,670858;7,711;0,006;R
6,671344;7,715;0,006;R
6,671841;7,739;0,006;R
6,672339;7,71;0,006;R
6,672825;7,736;0,006;R
6,673323;7,735;0,006;R
6,673821;7,726;0,006;R
6,674307;7,73;0,006;R
6,674793;7,723;0,006;R
6,67529;7,696;0,006;R
6,675788;7,727;0,006;R
6,676286;7,719;0,006;R
6,676772;7,736;0,006;R
6,677258;7,723;0,006;R
6,677744;7,739;0,006;R
6,67823;7,736;0,006;R
6,678728;7,746;0,006;R
6,679214;7,742;0,006;R
6,6797;7,719;0,006;R
6,680186;7,747;0,006;R
6,680672;7,719;0,006;R
6,681159;7,735;0,006;R
6,681656;7,72;0,006;R
6,682154;7,709;0,006;R
6,682652;7,746;0,006;R
6,683149;7,736;0,006;R
6,683659;7,738;0,006;R
6,684145;7,71;0,006;R
6,684642;7,706;0,006;R
6,68514;7,744;0,006;R
6,685638;7,724;0,006;R
6,686135;7,724;0,006;R
6,686645;7,695;0,006;R
6,687142;7,729;0,006;R
6,68764;7,699;0,006;R
6,688138;7,741;0,006;R
6,72191;7,457;0;R
6,99789;7,541;0,003;R
7,53345;7,814;0,006;R
7,533925;7,831;0,006;R
7,534388;7,816;0,006;R
7,534851;7,804;0,006;R
7,535314;7,815;0,006;R
7,535777;7,822;0,006;R
7,53624;7,814;0,006;R
7,536691;7,814;0,006;R
7,537165;7,805;0,006;R
7,53764;7,817;0,006;R
7,538103;7,817;0,006;R
7,538566;7,833;0,006;R
7,539029;7,816;0,006;R
7,539492;7,825;0,006;R
7,539955;7,832;0,006;R
7,540429;7,824;0,006;R
7,540881;7,809;0,006;R
7,541355;7,82;0,006;R
7,541818;7,822;0,006;R
7,542281;7,82;0,006;R
7,542744;7,836;0,006;R
7,543207;7,798;0,006;R
7,54367;7,827;0,006;R
7,544145;7,838;0,006;R
7,544608;7,846;0,006;R
7,545071;7,826;0,006;R
7,545545;7,844;0,006;R
7,546008;7,821;0,006;R
7,546471;7,834;0,006;R
7,546934;7,826;0,006;R
7,547409;7,819;0,006;R
7,547883;7,815;0,006;R
7,548346;7,829;0,006;R
7,548821;7,826;0,006;R
7,549284;7,837;0,006;R
7,549758;7,822;0,006;R
7,550221;7,825;0,006;R
7,550684;7,825;0,006;R
7,551159;7,816;0,006;R
7,551633;7,824;0,006;R
7,552096;7,824;0,006;R
7,552559;7,817;0,006;R
7,553022;7,837;0,006;R
7,553496;7,847;0,006;R
7,553959;7,842;0,006;R
7,554422;7,837;0,006;R
7,554897;7,833;0,006;R
7,555371;7,81;0,006;R
7,555823;7,825;0,006;R
7,556286;7,831;0,006;R
7,55676;7,815;0,006;R
7,557235;7,829;0,006;R
7,557698;7,825;0,006;R
7,558161;7,811;0,006;R
7,558635;7,842;0,006;R
7,55911;7,829;0,006;R
7,559573;7,824;0,006;R
7,560059;7,829;0,006;R
7,560522;7,835;0,006;R
7,560996;7,838;0,006;R
7,561471;7,816;0,006;R
7,561934;7,849;0,006;R
7,562397;7,829;0,006;R
7,562871;7,83;0,006;R
7,563346;7,834;0,006;R
7,563809;7,827;0,006;R
7,564284;7,827;0,006;R
7,564746;7,833;0,006;R
7,565221;7,84;0,006;R
7,565684;7,837;0,006;R
7,56617;7,844;0,006;R
7,566633;7,828;0,006;R
7,567108;7,853;0,006;R
7,567582;7,827;0,006;R
7,568057;7,828;0,006;R
7,56852;7,846;0,006;R
7,568994;7,831;0,006;R
7,569457;7,824;0,006;R
7,569932;7,822;0,006;R
7,570406;7,845;0,006;R
7,570881;7,826;0,006;R
7,571355;7,832;0,006;R
7,57183;7,82;0,006;R
7,572304;7,842;0,006;R
7,572779;7,84;0,006;R
7,573253;7,828;0,006;R
7,573728;7,827;0,006;R
7,574203;7,838;0,006;R
7,574665;7,822;0,006;R
7,575128;7,826;0,006;R
7,575603;7,848;0,006;R
7,576078;7,828;0,006;R
7,576552;7,839;0,006;R
7,577027;7,856;0,006;R
7,57749;7,831;0,006;R
7,577964;7,831;0,006;R
7,578427;7,838;0,006;R
7,57889;7,837;0,006;R
7,579365;7,834;0,006;R
7,579839;7,832;0,006;R
7,580314;7,815;0,006;R
7,580788;7,819;0,006;R
7,581263;7,826;0,006;R
7,581737;7,829;0,006;R
7,582212;7,827;0,006;R
7,582976;7,862;0,006;R
7,58345;7,846;0,006;R
7,583925;7,856;0,006;R
7,584399;7,845;0,006;R
7,584874;7,846;0,006;R
7,585337;7,845;0,006;R
7,5858;7,851;0,006;R
7,586263;7,839;0,006;R
7,586737;7,862;0,006;R
7,587212;7,855;0,006;R
7,587686;7,864;0,006;R
7,588149;7,84;0,006;R
7,588624;7,848;0,006;R
7,589098;7,856;0,006;R
7,589573;7,85;0,006;R
7,590036;7,839;0,006;R
7,590499;7,841;0,006;R
7,590973;7,833;0,006;R
7,591448;7,841;0,006;R
7,591922;7,858;0,006;R
7,592385;7,847;0,006;R
7,592871;7,852;0,006;R
7,593346;7,863;0,006;R
7,593832;7,864;0,006;R
7,594307;7,859;0,006;R
7,594781;7,823;0,006;R
7,595256;7,843;0,006;R
7,59573;7,862;0,006;R
7,596205;7,847;0,006;R
7,596679;7,853;0,006;R
7,597154;7,846;0,006;R
7,597628;7,851;0,006;R
7,598103;7,845;0,006;R
7,598578;7,85;0,006;R
7,59904;7,858;0,006;R
7,599503;7,853;0,006;R
7,599978;7,837;0,006;R
7,600453;7,848;0,006;R
7,600939;7,85;0,006;R
7,601402;7,838;0,006;R
7,601876;7,859;0,006;R
7,602351;7,836;0,006;R
7,602837;7,859;0,006;R
7,6033;7,876;0,006;R
7,603763;7,855;0,006;R
7,604237;7,85;0,006;R
7,6047;7,867;0,006;R
7,605175;7,853;0,006;R
7,605661;7,839;0,006;R
7,606124;7,843;0,006;R
7,606598;7,839;0,006;R
7,607084;7,849;0,006;R
7,607571;7,853;0,006;R
7,608057;7,848;0,006;R
7,608531;7,855;0,006;R
7,609017;7,846;0,006;R
7,609492;7,843;0,006;R
7,609978;7,851;0,006;R
7,610453;7,863;0,006;R
7,610939;7,87;0,006;R
7,611413;7,859;0,006;R
7,611899;7,84;0,006;R
7,612385;7,85;0,006;R
7,612848;7,842;0,006;R
7,613323;7,849;0,006;R
7,613797;7,859;0,006;R
7,614272;7,828;0,006;R
7,614746;7,84;0,006;R
7,615221;7,858;0,006;R
7,615696;7,861;0,006;R
7,616182;7,839;0,006;R
7,616656;7,851;0,006;R
7,617142;7,832;0,006;R
7,617628;7,838;0,006;R
7,618115;7,85;0,006;R
7,618589;7,838;0,006;R
7,619052;7,849;0,006;R
7,619538;7,848;0,006;R
7,620001;7,863;0,006;R
7,620487;7,853;0,006;R
7,620973;7,861;0,006;R
7,621436;7,845;0,006;R
7,621922;7,85;0,006;R
7,622409;7,845;0,006;R
7,622871;7,867;0,006;R
7,623358;7,849;0,006;R
7,623832;7,848;0,006;R
7,624307;7,86;0,006;R
7,624793;7,85;0,006;R
7,62529;7,84;0,006;R
7,625753;7,839;0,006;R
7,62624;7,864;0,006;R
7,626703;7,861;0,006;R
7,627189;7,853;0,006;R
7,627675;7,863;0,006;R
7,628138;7,871;0,006;R
7,628624;7,85;0,006;R
7,629121;7,848;0,006;R
7,629596;7,844;0,006;R
7,630082;7,854;0,006;R
7,630557;7,857;0,006;R
7,631043;7,852;0,006;R
7,631529;7,856;0,006;R
7,632015;7,855;0,006;R
7,63249;7,841;0,006;R
7,632953;7,854;0,006;R
7,633439;7,841;0,006;R
7,633925;7,839;0,006;R
7,634399;7,846;0,006;R
7,634885;7,839;0,006;R
7,63536;7,846;0,006;R
7,635846;7,859;0,006;R
7,636332;7,854;0,006;R
7,636818;7,843;0,006;R
7,637304;7,844;0,006;R
7,63779;7,845;0,006;R
7,638265;7,822;0,006;R
7,638751;7,854;0,006;R
7,639237;7,846;0,006;R
7,639723;7,849;0,006;R
7,640209;7,852;0,006;R
7,640684;7,846;0,006;R
7,64117;7,844;0,006;R
7,641656;7,854;0,006;R
7,642142;7,857;0,006;R
7,642628;7,858;0,006;R
7,643115;7,84;0,006;R
7,643601;7,847;0,006;R
7,644087;7,851;0,006;R
7,644573;7,851;0,006;R
7,645059;7,845;0,006;R
7,645545;7,852;0,006;R
7,646031;7,835;0,006;R
7,646517;7,858;0,006;R
7,647003;7,845;0,006;R
7,647478;7,856;0,006;R
7,647953;7,824;0,006;R
7,648427;7,822;0,006;R
7,648913;7,851;0,006;R
7,649399;7,843;0,006;R
7,649885;7,852;0,006;R
7,650371;7,857;0,006;R
7,650858;7,832;0,006;R
7,651355;7,851;0,006;R
7,65183;7,856;0,006;R
7,652316;7,847;0,006;R
7,652814;7,83;0,006;R
7,653288;7,859;0,006;R
7,653786;7,82;0,006;R
7,65426;7,845;0,006;R
7,654746;7,859;0,006;R
7,655244;7,849;0,006;R
7,65573;7,823;0,006;R
7,656216;7,817;0,006;R
7,656703;7,817;0,006;R
7,657189;7,832;0,006;R
7,657686;7,839;0,006;R
7,658161;7,826;0,006;R
7,658659;7,846;0,006;R
7,659145;7,839;0,006;R
7,659619;7,81;0,006;R
7,660105;7,834;0,006;R
7,660603;7,824;0,006;R
7,661078;7,819;0,006;R
7,661575;7,831;0,006;R
7,66205;7,819;0,006;R
7,662547;7,832;0,006;R
7,663034;7,847;0,006;R
7,66352;7,828;0,006;R
7,664006;7,848;0,006;R
7,664492;7,852;0,006;R
7,66499;7,809;0,006;R
7,665476;7,832;0,006;R
7,665973;7,85;0,006;R
7,666459;7,826;0,006;R
7,666957;7,842;0,006;R
7,667443;7,835;0,006;R
7,667929;7,841;0,006;R
7,668427;7,838;0,006;R
7,668913;7,851;0,006;R
7,669399;7,841;0,006;R
7,669897;7,828;0,006;R
7,670383;7,822;0,006;R
7,670869;7,841;0,006;R
7,671367;7,831;0,006;R
7,671865;7,826;0,006;R
7,672374;7,841;0,006;R
7,672871;7,823;0,006;R
7,673369;7,824;0,006;R
7,673867;7,843;0,006;R
7,674365;7,843;0,006;R
7,674862;7,843;0,006;R
7,67536;7,832;0,006;R
7,675858;7,842;0,006;R
7,676332;7,813;0,006;R
7,676818;7,819;0,006;R
7,677316;7,831;0,006;R
7,677802;7,833;0,006;R
7,6783;7,846;0,006;R
7,678797;7,838;0,006;R
7,679295;7,81;0,006;R
7,679793;7,844;0,006;R
7,68029;7,86;0,006;R
7,6808;7,815;0,006;R
7,681297;7,857;0,006;R
7,681795;7,845;0,006;R
7,682293;7,856;0,006;R
7,68279;7,829;0,006;R
7,6833;7,822;0,006;R
7,68361;7,649;0,03;R
7,683797;7,813;0,006;R
7,684295;7,821;0,006;R
7,684781;7,818;0,006;R
7,685279;7,818;0,006;R
7,685777;7,819;0,006;R
7,686274;7,828;0,006;R
7,686772;7,824;0,006;R
7,687281;7,83;0,006;R
7,687767;7,846;0,006;R
8,580499;7,91;0,006;R
8,582038;7,912;0,006;R
8,583566;7,937;0,006;R
8,585105;7,902;0,006;R
8,586633;7,89;0,006;R
8,588161;7,91;0,006;R
8,589689;7,926;0,006;R
8,591216;7,926;0,006;R
8,592744;7,926;0,006;R
8,594284;7,893;0,006;R
8,595811;7,938;0,006;R
8,597339;7,915;0,006;R
8,598878;7,911;0,006;R
8,600418;7,915;0,006;R
8,601957;7,912;0,006;R
8,603496;7,927;0,006;R
8,605047;7,933;0,006;R
8,606587;7,909;0,006;R
8,608115;7,909;0,006;R
8,609642;7,92;0,006;R
8,61117;7,929;0,006;R
8,612698;7,894;0,006;R
8,614226;7,93;0,006;R
8,615765;7,91;0,006;R
8,617304;7,905;0,006;R
8,618832;7,905;0,006;R
8,620371;7,926;0,006;R
8,621911;7,935;0,006;R
8,62345;7,925;0,006;R
8,62499;7,925;0,006;R
8,626529;7,938;0,006;R
8,62808;7,914;0,006;R
8,62926;7,907;0,006;R
8,630476;7,924;0,006;R
8,631668;7,873;0,006;R
8,632848;7,933;0,006;R
8,634052;7,91;0,006;R
8,635256;7,923;0,006;R
8,636436;7,936;0,006;R
8,637652;7,927;0,006;R
8,638844;7,929;0,006;R
8,640047;7,919;0,006;R
8,64124;7,918;0,006;R
8,642455;7,919;0,006;R
8,643647;7,935;0,006;R
8,644862;7,912;0,006;R
8,646078;7,898;0,006;R
8,647281;7,925;0,006;R
8,648496;7,925;0,006;R
8,649689;7,924;0,006;R
8,650892;7,951;0,006;R
8,652084;7,94;0,006;R
8,6533;7,915;0,006;R
8,654492;7,928;0,006;R
8,655707;7,924;0,006;R
8,656911;7,919;0,006;R
8,658115;7,929;0,006;R
8,659341;7,945;0,006;R
8,660557;7,933;0,006;R
8,661772;7,929;0,006;R
8,662976;7,937;0,006;R
8,664179;7,936;0,006;R
8,665395;7,955;0,006;R
8,666587;7,951;0,006;R
8,66779;7,93;0,006;R
8,669006;7,939;0,006;R
8,670221;7,938;0,006;R
8,671425;7,944;0,006;R
8,67264;7,931;0,006;R
8,673855;7,946;0,006;R
8,675082;7,928;0,006;R
8,676286;7,945;0,006;R
8,677501;7,936;0,006;R
8,678728;7,945;0,006;R
8,679932;7,931;0,006;R
8,681147;7,958;0,006;R
8,682362;7,926;0,006;R
8,683566;7,944;0,006;R
8,684793;7,939;0,006;R
8,686008;7,932;0,006;R
8,687212;7,941;0,006;R
8,69426;7,641;0,018;R
9,05365;7,752;0,001;R
9,056;7,224;0,008;R
9,577779;8,012;0,006;R
9,578288;7,992;0,006;R
9,578774;7,991;0,006;R
9,579272;8,013;0,006;R
9,57977;7,998;0,006;R
9,580279;8,007;0,006;R
9,580788;8,003;0,006;R
9,581297;8,014;0,006;R
9,581807;8,005;0,006;R
9,582316;8,007;0,006;R
9,582825;7,998;0,006;R
9,583334;7,995;0,006;R
9,583832;7,993;0,006;R
9,58433;8,001;0,006;R
9,584828;7,978;0,006;R
9,585325;8,015;0,006;R
9,585834;8,002;0,006;R
9,586355;7,996;0,006;R
9,586865;8,004;0,006;R
9,587374;7,996;0,006;R
9,587883;8,002;0,006;R
9,588381;8;0,006;R
9,58889;8,001;0,006;R
9,589399;8,005;0,006;R
9,58992;8,018;0,006;R
9,590429;7,998;0,006;R
9,590939;7,997;0,006;R
9,591459;8,011;0,006;R
9,591969;8,015;0,006;R
9,592478;7,991;0,006;R
9,592987;8,019;0,006;R
9,593496;8,009;0,006;R
9,594006;8,001;0,006;R
9,594515;8,01;0,006;R
9,595024;8,01;0,006;R
9,595545;8,018;0,006;R
9,596054;8,002;0,006;R
9,596564;8,008;0,006;R
9,597073;7,976;0,006;R
9,597594;8,009;0,006;R
9,598103;8,014;0,006;R
9,598612;8,008;0,006;R
9,599133;8,015;0,006;R
9,599642;8,021;0,006;R
9,600163;8,013;0,006;R
9,600661;8,019;0,006;R
9,601182;8,018;0,006;R
9,601691;8,027;0,006;R
9,6022;8;0,006;R
9,602709;8,016;0,006;R
9,60323;8,018;0,006;R
9,603751;8,005;0,006;R
9,60426;8,012;0,006;R
9,604781;8,023;0,006;R
9,60529;8,012;0,006;R
9,605811;8,02;0,006;R
9,606321;8,018;0,006;R
9,60683;8,009;0,006;R
9,607351;8,039;0,006;R
9,60786;8,035;0,006;R
9,608381;8,028;0,006;R
9,608902;8,014;0,006;R
9,609399;8,007;0,006;R
9,60992;8,017;0,006;R
9,610418;8,021;0,006;R
9,610939;8,02;0,006;R
9,611448;8,036;0,006;R
9,611957;8,005;0,006;R
9,612478;8,027;0,006;R
9,612976;8,04;0,006;R
9,613496;8,033;0,006;R
9,614017;8,034;0,006;R
9,614515;8,033;0,006;R
9,615036;8,032;0,006;R
9,615545;8,034;0,006;R
9,616066;8,051;0,006;R
9,616587;8,039;0,006;R
9,617108;8,042;0,006;R
9,617628;8,015;0,006;R
9,618126;8,04;0,006;R
9,618635;8,033;0,006;R
9,619156;8,012;0,006;R
9,619677;8,006;0,006;R
9,620186;8,032;0,006;R
9,620707;8,034;0,006;R
9,621205;8,018;0,006;R
9,621726;8,025;0,006;R
9,622246;8,036;0,006;R
9,622767;8,029;0,006;R
9,623288;8,03;0,006;R
9,623809;8,015;0,006;R
9,624341;8,038;0,006;R
9,624862;8,017;0,006;R
9,625383;8,034;0,006;R
9,625915;8,016;0,006;R
9,626436;8,014;0,006;R
9,626946;8,02;0,006;R
9,627455;8,011;0,006;R
9,627953;8,035;0,006;R
9,628473;8,031;0,006;R
9,629006;8,047;0,006;R
9,629527;8,033;0,006;R
9,630047;8,03;0,006;R
9,630568;8,021;0,006;R
9,631078;8,034;0,006;R
9,631587;8,026;0,006;R
9,632084;8,018;0,006;R
9,632605;8,023;0,006;R
9,633103;8,033;0,006;R
9,633624;8,006;0,006;R
9,634133;8,027;0,006;R
9,634642;8,022;0,006;R
9,635152;8,017;0,006;R
9,635672;8,019;0,006;R
9,636193;8,027;0,006;R
9,636726;8,029;0,006;R
9,637246;8,039;0,006;R
9,637767;8,042;0,006;R
9,638288;8,022;0,006;R
9,638821;8,044;0,006;R
9,63933;8,017;0,006;R
9,639851;8,025;0,006;R
9,640371;8,04;0,006;R
9,640881;8,028;0,006;R
9,641402;8,041;0,006;R
9,641934;8,02;0,006;R
9,642443;8,038;0,006;R
9,642964;8,022;0,006;R
9,643496;8,016;0,006;R
9,644006;8,016;0,006;R
9,644527;8,026;0,006;R
9,645047;8,026;0,006;R
9,645568;8,041;0,006;R
9,646089;8,037;0,006;R
9,64661;8,035;0,006;R
9,647131;8,025;0,006;R
9,647652;8,039;0,006;R
9,648184;8,033;0,006;R
9,648705;8,009;0,006;R
9,649226;8,019;0,006;R
9,649735;8,045;0,006;R
9,650256;8,029;0,006;R
9,650777;8,043;0,006;R
9,651297;8,043;0,006;R
9,651818;8,015;0,006;R
9,652339;8,04;0,006;R
9,652871;8,026;0,006;R
9,653392;8,034;0,006;R
9,653925;8,034;0,006;R
9,654446;8,045;0,006;R
9,654966;8,023;0,006;R
9,655499;8,011;0,006;R
9,65602;8,028;0,006;R
9,65654;8,013;0,006;R
9,657061;8,032;0,006;R
9,657582;8,009;0,006;R
9,658103;8,01;0,006;R
9,658624;8,021;0,006;R
9,659156;8,012;0,006;R
9,659677;8,004;0,006;R
9,660198;8,007;0,006;R
9,66073;7,996;0,006;R
9,661251;8,008;0,006;R
9,661772;8,022;0,006;R
9,662304;8,015;0,006;R
9,662837;8,01;0,006;R
9,663358;8,021;0,006;R
9,663878;8,015;0,006;R
9,664399;8,007;0,006;R
9,664932;8,034;0,006;R
9,665464;8,001;0,006;R
9,665996;8,021;0,006;R
9,666517;7,999;0,006;R
9,66705;8,025;0,006;R
9,667571;8,004;0,006;R
9,668091;8,014;0,006;R
9,668624;8,031;0,006;R
9,669156;8,008;0,006;R
9,669677;8,017;0,006;R
9,670198;8,018;0,006;R
9,670719;8,001;0,006;R
9,671251;8,016;0,006;R
9,671784;8,003;0,006;R
9,672316;8,023;0,006;R
9,672837;8,016;0,006;R
9,673369;8,006;0,006;R
9,673913;8,002;0,006;R
9,674446;8,007;0,006;R
9,674978;8,011;0,006;R
9,67551;8,004;0,006;R
9,676031;8,009;0,006;R
9,676564;8,002;0,006;R
9,677084;8,009;0,006;R
9,677628;8,014;0,006;R
9,678161;8,011;0,006;R
9,678693;8,021;0,006;R
9,679226;8,01;0,006;R
9,679758;8,006;0,006;R
9,68029;8,012;0,006;R
9,680823;7,981;0,006;R
9,681355;7,999;0,006;R
9,681888;7,996;0,006;R
9,68242;7,999;0,006;R
9,682953;7,998;0,006;R
9,683485;8,01;0,006;R
9,684017;8,003;0,006;R
9,68455;8,018;0,006;R
9,685082;7,988;0,006;R
9,685603;8;0,006;R
9,686135;7,982;0,006;R
9,686668;7,987;0,006;R
9,6872;8,007;0,006;R
9,687733;8,001;0,006;R
9,688265;8;0,006;R
9,688809;8,003;0,006;R
9,9531;7,889;0,001;R
9,95669;7,337;0,005;R
10,01542;7,934;0,003;R
10,02122;7,879;0,001;R
10,04291;7,305;0,005;R
10,0648;7,867;0,001;R
10,13876;7,853;0,001;R
10,14082;7,281;0,006;R
10,58499;7,982;0,028;R
10,585499;8,111;0,016;R
10,585996;8,184;0,008;R
10,586494;8,18;0,007;R
10,587003;8,155;0,007;R
10,587501;8,147;0,006;R
10,587999;8,122;0,007;R
10,588508;8,092;0,007;R
10,589006;8,175;0,007;R
10,589503;8,11;0,007;R
10,590013;8,202;0,007;R
10,59051;8,173;0,007;R
10,591008;8,099;0,008;R
10,591506;8,178;0,008;R
10,592015;8,079;0,008;R
10,592524;8,145;0,008;R
10,59301;8,161;0,007;R
10,59352;8,182;0,007;R
10,594029;8,126;0,007;R
10,594527;8,163;0,007;R
10,595036;8,13;0,007;R
10,595545;8,12;0,007;R
10,596054;8,142;0,007;R
10,596552;8,126;0,006;R
10,597038;8,139;0,006;R
10,597547;8,183;0,006;R
10,598057;8,171;0,007;R
10,598566;8,166;0,008;R
10,599075;8,109;0,009;R
10,599561;8,156;0,008;R
10,600071;8,126;0,008;R
10,60058;8,187;0,008;R
10,601089;8,126;0,007;R
10,601598;8,187;0,007;R
10,602084;8,147;0,007;R
10,602594;8,103;0,007;R
10,603103;8,142;0,007;R
10,603612;8,154;0,006;R
10,60411;8,153;0,006;R
10,604596;8,145;0,006;R
10,605105;8,146;0,006;R
10,605615;8,141;0,006;R
10,606124;8,141;0,006;R
10,60661;8,135;0,006;R
10,607119;8,159;0,006;R
10,607628;8,14;0,006;R
10,608138;8,126;0,006;R
10,608647;8,122;0,006;R
10,609156;8,152;0,006;R
10,609642;8,144;0,006;R
10,61014;8,122;0,006;R
10,610649;8,139;0,006;R
10,611159;8,144;0,006;R
10,611656;8,133;0,006;R
10,612165;8,149;0,006;R
10,612663;8,144;0,006;R
10,613172;8,147;0,006;R
10,613659;8,153;0,006;R
10,614168;8,136;0,006;R
10,614677;8,134;0,006;R
10,615186;8,143;0,006;R
10,615696;8,132;0,006;R
10,616193;8,146;0,006;R
10,616691;8,136;0,006;R
10,617177;8,155;0,006;R
10,617698;8,165;0,006;R
10,618207;8,151;0,006;R
10,618705;8,136;0,006;R
10,619203;8,128;0,006;R
10,619689;8,145;0,006;R
10,620186;8,169;0,006;R
10,620684;8,147;0,006;R
10,621182;8,122;0,007;R
10,621691;8,158;0,007;R
10,622189;8,137;0,007;R
10,622698;8,169;0,007;R
10,623196;8,182;0,007;R
10,623693;8,164;0,007;R
10,624191;8,165;0,007;R
10,624689;8,17;0,007;R
10,625186;8,17;0,007;R
10,625696;8,098;0,008;R
10,626205;8,141;0,009;R
10,626714;8,192;0,008;R
10,627223;8,115;0,007;R
10,627733;8,131;0,007;R
10,62823;8,131;0,007;R
10,62874;8,134;0,007;R
10,629249;8,132;0,007;R
10,629758;8,151;0,007;R
10,630256;8,151;0,007;R
10,630777;8,145;0,01;R
10,631274;8,145;0,01;R
10,631772;8,168;0,01;R
10,63227;8,161;0,012;R
10,632779;8,174;0,013;R
10,633277;8,145;0,012;R
10,633774;8,201;0,011;R
10,634272;8,211;0,013;R
10,634781;8,08;0,019;R
10,635279;7,937;0,037;R
10,635765;8,017;0,03;R
10,636251;7,918;0,012;R
10,636737;8,158;0,012;R
10,637235;8,152;0,011;R
10,637721;8,253;0,011;R
10,638219;8,083;0,015;R
10,638716;8,163;0,014;R
10,639226;8,145;0,011;R
10,639723;8,05;0,011;R
10,640209;8,114;0,01;R
10,640707;8,177;0,008;R
10,641205;8,157;0,007;R
10,641703;8,169;0,01;R
10,642223;8,237;0,013;R
10,642721;8,155;0,016;R
10,64323;8,112;0,018;R
10,643728;8,164;0,013;R
10,644237;8,09;0,008;R
10,644735;8,148;0,007;R
10,645221;8,125;0,008;R
10,645707;8,1;0,007;R
10,646205;8,115;0,007;R
10,646714;8,178;0,008;R
10,647212;8,125;0,007;R
10,647698;8,144;0,007;R
10,648196;8,107;0,006;R
10,648705;8,123;0,006;R
10,649203;8,102;0,006;R
10,6497;8,133;0,006;R
10,650198;8,119;0,006;R
10,650707;8,119;0,006;R
10,651205;8,129;0,006;R
10,651691;8,128;0,006;R
10,652189;8,122;0,006;R
10,652698;8,108;0,006;R
10,653196;8,118;0,006;R
10,653693;8,127;0,006;R
10,654179;8,131;0,006;R
10,654677;8,126;0,006;R
10,655186;8,121;0,006;R
10,655684;8,126;0,006;R
10,656182;8,123;0,006;R
10,656668;8,114;0,006;R
10,657165;8,11;0,006;R
10,657663;8,11;0,006;R
10,658161;8,133;0,006;R
10,65867;8,119;0,006;R
10,659179;8,064;0,006;R
10,659677;8,097;0,006;R
10,660186;8,079;0,006;R
10,660684;8,13;0,006;R
10,66117;8,151;0,006;R
10,661679;8,138;0,006;R
10,662177;8,122;0,006;R
10,662675;8,105;0,006;R
10,663184;8,11;0,006;R
10,663682;8,132;0,006;R
10,664191;8,117;0,006;R
10,664689;8,081;0,006;R
10,665175;8,113;0,006;R
10,665661;8,141;0,006;R
10,66617;8,134;0,006;R
10,666668;8,13;0,006;R
10,667165;8,119;0,006;R
10,667675;8,1;0,006;R
10,668172;8,112;0,006;R
10,668682;8,123;0,006;R
10,669168;8,112;0,006;R
10,669665;8,118;0,006;R
10,670175;8,117;0,006;R
10,670661;8,118;0,006;R
10,67117;8,11;0,006;R
10,671668;8,139;0,006;R
10,672177;8,107;0,006;R
10,672675;8,094;0,006;R
10,673172;8,134;0,006;R
10,673682;8,085;0,006;R
10,674179;8,108;0,006;R
10,674677;8,105;0,006;R
10,675175;8,091;0,006;R
10,675661;8,117;0,006;R
10,67617;8,118;0,007;R
10,676656;8,119;0,007;R
10,677154;8,068;0,007;R
10,677663;8,118;0,007;R
10,678149;8,088;0,007;R
10,678659;8,103;0,007;R
10,679156;8,13;0,008;R
10,679654;8,104;0,008;R
10,680152;8,12;0,007;R
10,680661;8,13;0,007;R
10,681147;8,109;0,007;R
10,681656;8,118;0,007;R
10,682177;8,112;0,007;R
10,682675;8,128;0,007;R
10,683184;8,031;0,008;R
10,68367;8,153;0,008;R
10,684179;8,049;0,008;R
10,684677;8,131;0,008;R
10,685175;8,182;0,01;R
10,685684;8,048;0,009;R
10,686182;8,107;0,009;R
10,686679;8,087;0,008;R
10,687177;8,114;0,007;R
10,687686;8,087;0,008;R
10,688184;8,071;0,008;R
10,688682;8,077;0,008;R
10,9362;7,983;0,006;R
10,9383;7,394;0,005;R
10,98234;8,02;0,006;R
11,03007;7,998;0,006;R
11,07452;8,014;0,005;R
11,11816;8,01;0,006;R
11,522455;8,28;0,006;R
11,522964;8,266;0,006;R
11,523473;8,235;0,007;R
11,523971;8,246;0,006;R
11,52448;8,251;0,006;R
11,524978;8,262;0,006;R
11,525464;8,252;0,006;R
11,525973;8,279;0,006;R
11,526483;8,254;0,006;R
11,52698;8,265;0,006;R
11,527478;8,251;0,006;R
11,527987;8,252;0,006;R
11,528496;8,232;0,006;R
11,528994;8,261;0,006;R
11,529503;8,27;0,006;R
11,530001;8,257;0,006;R
11,53051;8,252;0,006;R
11,53102;8,251;0,006;R
11,531517;8,246;0,006;R
11,532015;8,235;0,006;R
11,532524;8,249;0,006;R
11,533034;8,256;0,006;R
11,533531;8,251;0,006;R
11,534052;8,249;0,006;R
11,534561;8,252;0,006;R
11,535059;8,244;0,006;R
11,535568;8,248;0,006;R
11,536078;8,252;0,006;R
11,536575;8,246;0,006;R
11,537073;8,244;0,006;R
11,537571;8,256;0,006;R
11,53808;8,24;0,006;R
11,538589;8,25;0,006;R
11,539098;8,239;0,006;R
11,539596;8,269;0,006;R
11,540105;8,252;0,006;R
11,540603;8,256;0,006;R
11,541112;8,257;0,006;R
11,541621;8,249;0,006;R
11,542131;8,258;0,006;R
11,542628;8,234;0,006;R
11,543138;8,257;0,006;R
11,543647;8,235;0,006;R
11,544156;8,246;0,006;R
11,544665;8,243;0,006;R
11,545163;8,238;0,006;R
11,545672;8,256;0,006;R
11,54617;8,25;0,006;R
11,546679;8,257;0,006;R
11,547177;8,263;0,006;R
11,547675;8,26;0,006;R
11,548172;8,259;0,006;R
11,548682;8,245;0,006;R
11,549191;8,251;0,006;R
11,5497;8,239;0,006;R
11,550209;8,244;0,006;R
11,550719;8,264;0,006;R
11,551228;8,244;0,006;R
11,551737;8,259;0,006;R
11,552246;8,236;0,006;R
11,552756;8,261;0,006;R
11,553277;8,245;0,006;R
11,553774;8,249;0,006;R
11,554284;8,252;0,006;R
11,554804;8,248;0,006;R
11,555314;8,249;0,006;R
11,555823;8,247;0,006;R
11,556332;8,241;0,006;R
11,556841;8,238;0,006;R
11,557339;8,251;0,006;R
11,557848;8,242;0,006;R
11,558358;8,232;0,006;R
11,558867;8,252;0,006;R
11,559376;8,231;0,006;R
11,559885;8,256;0,006;R
11,560395;8,256;0,006;R
11,560904;8,246;0,006;R
11,561413;8,254;0,006;R
11,561922;8,252;0,006;R
11,562432;8,245;0,006;R
11,562941;8,24;0,006;R
11,563439;8,25;0,006;R
11,563948;8,247;0,006;R
11,564469;8,258;0,006;R
11,564966;8,249;0,006;R
11,565476;8,228;0,006;R
11,565996;8,243;0,006;R
11,566494;8,259;0,006;R
11,567015;8,254;0,006;R
11,567513;8,239;0,006;R
11,56801;8,226;0,006;R
11,56852;8,248;0,006;R
11,569017;8,238;0,006;R
11,569527;8,235;0,006;R
11,570036;8,23;0,006;R
11,570545;8,255;0,006;R
11,571043;8,239;0,006;R
11,571552;8,254;0,006;R
11,573936;8,231;0,006;R
11,574446;8,228;0,006;R
11,574955;8,213;0,006;R
11,575464;8,22;0,006;R
11,575962;8,229;0,006;R
11,576459;8,228;0,006;R
11,576957;8,226;0,006;R
11,577466;8,21;0,006;R
11,577976;8,231;0,006;R
11,578485;8,23;0,006;R
11,578983;8,227;0,006;R
11,57948;8,244;0,006;R
11,57999;8,21;0,006;R
11,580499;8,229;0,006;R
11,58102;8,225;0,006;R
11,581517;8,228;0,006;R
11,582027;8,223;0,006;R
11,582536;8,242;0,006;R
11,583057;8,214;0,006;R
11,583566;8,242;0,006;R
11,584064;8,23;0,006;R
11,584573;8,248;0,006;R
11,585094;8,235;0,006;R
11,585603;8,21;0,006;R
11,586101;8,229;0,006;R
11,586621;8,24;0,006;R
11,587131;8,191;0,006;R
11,587628;8,23;0,006;R
11,588138;8,238;0,006;R
11,588647;8,228;0,006;R
11,589156;8,235;0,006;R
11,589654;8,217;0,006;R
11,590152;8,247;0,006;R
11,590672;8,224;0,006;R
11,591182;8,239;0,006;R
11,591679;8,226;0,006;R
11,5922;8,227;0,006;R
11,592709;8,237;0,006;R
11,593207;8,216;0,006;R
11,593728;8,237;0,006;R
11,594237;8,208;0,006;R
11,594735;8,237;0,006;R
11,595256;8,243;0,006;R
11,595765;8,212;0,006;R
11,596274;8,235;0,006;R
11,596784;8,217;0,006;R
11,597293;8,237;0,006;R
11,597802;8,236;0,006;R
11,598323;8,23;0,006;R
11,598832;8,216;0,006;R
11,59933;8,223;0,006;R
11,599851;8,234;0,006;R
11,600348;8,219;0,006;R
11,600869;8,224;0,006;R
11,601378;8,224;0,006;R
11,601888;8,24;0,006;R
11,602397;8,224;0,006;R
11,602906;8,225;0,006;R
11,603427;8,24;0,006;R
11,603925;8,235;0,006;R
11,604446;8,229;0,006;R
11,604955;8,242;0,006;R
11,605464;8,214;0,006;R
11,605985;8,224;0,006;R
11,606494;8,231;0,006;R
11,607003;8,238;0,006;R
11,607524;8,257;0,006;R
11,608045;8,217;0,006;R
11,608554;8,237;0,006;R
11,609064;8,264;0,006;R
11,609573;8,228;0,006;R
11,610094;8,24;0,006;R
11,610603;8,247;0,006;R
11,611124;8,245;0,006;R
11,611633;8,235;0,006;R
11,612165;8,227;0,006;R
11,612675;8,247;0,006;R
11,613184;8,237;0,006;R
11,613693;8,223;0,006;R
11,614214;8,249;0,006;R
11,614735;8,254;0,006;R
11,615244;8,248;0,006;R
11,615753;8,26;0,006;R
11,616274;8,255;0,006;R
11,616795;8,219;0,006;R
11,617328;8,249;0,006;R
11,617848;8,241;0,006;R
11,618369;8,23;0,006;R
11,61889;8,22;0,006;R
11,619411;8,233;0,006;R
11,619932;8,212;0,006;R
11,620453;8,239;0,006;R
11,620973;8,231;0,006;R
11,621494;8,231;0,006;R
11,622003;8,25;0,006;R
11,622513;8,222;0,006;R
11,623034;8,245;0,006;R
11,623554;8,241;0,006;R
11,624075;8,227;0,006;R
11,624596;8,24;0,006;R
11,625105;8,245;0,006;R
11,625615;8,242;0,006;R
11,626124;8,238;0,006;R
11,626645;8,251;0,006;R
11,627154;8,231;0,006;R
11,627675;8,237;0,006;R
11,628184;8,227;0,006;R
11,628693;8,238;0,006;R
11,629214;8,247;0,006;R
11,629735;8,23;0,006;R
11,630267;8,228;0,006;R
11,630788;8,25;0,006;R
11,631297;8,256;0,006;R
11,631807;8,258;0,006;R
11,632328;8,222;0,006;R
11,632848;8,252;0,006;R
11,633381;8,207;0,006;R
11,633902;8,239;0,006;R
11,634411;8,262;0,006;R
11,634932;8,236;0,006;R
11,635453;8,232;0,006;R
11,635985;8,229;0,006;R
11,636494;8,23;0,006;R
11,637015;8,22;0,006;R
11,637547;8,179;0,006;R
11,638057;8,202;0,006;R
11,638578;8,225;0,006;R
11,63911;8,193;0,006;R
11,639619;8,217;0,006;R
11,640152;8,224;0,006;R
11,640672;8,234;0,006;R
11,641205;8,207;0,006;R
11,641714;8,195;0,006;R
11,642246;8,216;0,006;R
11,642756;8,235;0,006;R
11,643288;8,183;0,006;R
11,643797;8,235;0,006;R
11,64433;8,224;0,006;R
11,644839;8,215;0,006;R
11,645371;8,226;0,006;R
11,645892;8,199;0,006;R
11,646425;8,245;0,006;R
11,646934;8,242;0,006;R
11,647466;8,22;0,006;R
11,647987;8,232;0,006;R
11,64852;8,228;0,006;R
11,64904;8,229;0,006;R
11,649561;8,234;0,006;R
11,650094;8,249;0,006;R
11,650615;8,237;0,006;R
11,651135;8,226;0,006;R
11,651656;8,216;0,006;R
11,652177;8,229;0,006;R
11,652709;8,228;0,006;R
11,65323;8,218;0,006;R
11,653751;8,24;0,006;R
11,654272;8,233;0,006;R
11,654804;8,234;0,006;R
11,655325;8,212;0,006;R
11,655846;8,241;0,006;R
11,656367;8,223;0,006;R
11,656899;8,204;0,006;R
11,65742;8,233;0,006;R
11,657941;8,232;0,006;R
11,658462;8,227;0,006;R
11,658994;8,241;0,006;R
11,659527;8,221;0,006;R
11,660059;8,229;0,006;R
11,660591;8,233;0,006;R
11,661112;8,224;0,006;R
11,661645;8,216;0,006;R
11,662165;8,221;0,006;R
11,662698;8,23;0,006;R
11,663219;8,249;0,006;R
11,66374;8,221;0,006;R
11,664272;8,243;0,006;R
11,664804;8,249;0,006;R
11,665337;8,224;0,006;R
11,665858;8,237;0,006;R
11,66639;8,221;0,006;R
11,666922;8,215;0,006;R
11,667455;8,209;0,006;R
11,667987;8,254;0,006;R
11,66852;8,238;0,006;R
11,669052;8,245;0,006;R
11,669573;8,239;0,006;R
11,670094;8,25;0,006;R
11,670615;8,209;0,006;R
11,671147;8,218;0,007;R
11,671679;8,232;0,006;R
11,672212;8,224;0,007;R
11,672744;8,206;0,006;R
11,6733;8,202;0,007;R
11,673821;8,217;0,006;R
11,674365;8,226;0,007;R
11,674885;8,232;0,006;R
11,675429;8,225;0,006;R
11,675962;8,231;0,006;R
11,676494;8,228;0,007;R
11,677027;8,244;0,006;R
11,677559;8,246;0,006;R
11,67808;8,215;0,007;R
11,678601;8,241;0,006;R
11,679133;8,248;0,006;R
11,679677;8,236;0,006;R
11,680209;8,256;0,006;R
11,680742;8,245;0,006;R
11,681274;8,26;0,006;R
11,681807;8,256;0,006;R
11,682339;8,251;0,006;R
11,682871;8,262;0,006;R
11,683392;8,251;0,006;R
11,683913;8,251;0,006;R
11,684457;8,262;0,006;R
11,68499;8,245;0,007;R
11,68551;8,263;0,006;R
11,686054;8,224;0,006;R
11,686575;8,245;0,006;R
11,687119;8,259;0,006;R
11,687663;8,252;0,006;R
11,688196;8,28;0,006;R
11,688728;8,253;0,006;R
11,89142;8,144;0,002;R
11,89311;8,13;0,002;R
11,89478;8,151;0,002;R
11,89647;8,177;0,002;R
11,89817;8,17;0,002;R
11,89986;8,111;0,002;R
11,90151;8,153;0,002;R
11,9032;8,156;0,002;R
11,90486;7,936;0,001;R
11,90654;8,026;0,003;R
11,90823;7,878;0,005;R
11,91153;7,981;0,003;R
11,91185;8,064;0,001;R
11,91322;8,027;0,002;R
11,91401;7,482;0,006;R
11,91491;8,003;0,001;R
11,9166;8,118;0,003;R
11,91829;8,087;0,004;R
11,91997;8,118;0,003;R
11,92166;7,998;0,001;R
11,92333;7,812;0,004;R
11,95541;8,063;0,001;R
12,00094;8,098;0,001;R
12,00311;7,484;0,005;R
12,04458;8,089;0,001;R
12,09274;7,482;0,005;R
12,518022;8,372;0,006;R
12,518531;8,384;0,006;R
12,519029;8,377;0,006;R
12,519538;8,379;0,006;R
12,520036;8,395;0,006;R
12,520534;8,387;0,006;R
12,521054;8,394;0,006;R
12,521564;8,391;0,006;R
12,522061;8,38;0,006;R
12,522559;8,383;0,006;R
12,523068;8,38;0,006;R
12,523578;8,385;0,006;R
12,524087;8,37;0,006;R
12,524584;8,382;0,006;R
12,525094;8,383;0,006;R
12,525591;8,372;0,006;R
12,526101;8,372;0,006;R
12,52661;8,372;0,006;R
12,527119;8,392;0,006;R
12,527617;8,391;0,006;R
12,528126;8,401;0,006;R
12,528635;8,381;0,006;R
12,529133;8,381;0,006;R
12,529654;8,38;0,006;R
12,530152;8,382;0,006;R
12,530661;8,392;0,006;R
12,531159;8,382;0,006;R
12,531656;8,381;0,006;R
12,532154;8,379;0,006;R
12,532663;8,378;0,006;R
12,533161;8,377;0,006;R
12,53367;8,379;0,006;R
12,534179;8,376;0,006;R
12,534677;8,387;0,006;R
12,535186;8,377;0,006;R
12,535684;8,383;0,006;R
12,536193;8,386;0,006;R
12,536703;8,38;0,006;R
12,537212;8,401;0,006;R
12,537721;8,389;0,006;R
12,538219;8,362;0,006;R
12,538728;8,381;0,006;R
12,539226;8,374;0,006;R
12,539735;8,38;0,006;R
12,540244;8,382;0,006;R
12,540742;8,38;0,006;R
12,541251;8,389;0,006;R
12,541749;8,389;0,006;R
12,542246;8,375;0,006;R
12,542744;8,381;0,006;R
12,543253;8,376;0,006;R
12,543751;8,399;0,006;R
12,54426;8,404;0,006;R
12,54477;8,366;0,006;R
12,545267;8,364;0,006;R
12,545777;8,363;0,006;R
12,546297;8,379;0,006;R
12,546807;8,386;0,006;R
12,547304;8,384;0,006;R
12,547802;8,382;0,006;R
12,548311;8,371;0,006;R
12,548821;8,381;0,006;R
12,54933;8,356;0,006;R
12,549839;8,365;0,006;R
12,550337;8,365;0,006;R
12,550846;8,367;0,006;R
12,551344;8,379;0,006;R
12,551853;8,374;0,006;R
12,552362;8,382;0,006;R
12,552871;8,381;0,006;R
12,553381;8,363;0,006;R
12,55389;8,374;0,006;R
12,554388;8,379;0,006;R
12,554885;8,364;0,006;R
12,555395;8,352;0,006;R
12,555904;8,379;0,006;R
12,556413;8,389;0,006;R
12,556922;8,367;0,006;R
12,557432;8,356;0,006;R
12,557941;8,36;0,006;R
12,55845;8,361;0,006;R
12,558959;8,363;0,006;R
12,559469;8,385;0,006;R
12,559978;8,386;0,006;R
12,560487;8,366;0,006;R
12,560985;8,389;0,006;R
12,561483;8,382;0,006;R
12,561992;8,378;0,006;R
12,562501;8,363;0,006;R
12,56301;8,369;0,006;R
12,56352;8,381;0,006;R
12,564029;8,376;0,006;R
12,564538;8,365;0,006;R
12,565047;8,384;0,006;R
12,565557;8,384;0,006;R
12,566066;8,377;0,006;R
12,566575;8,387;0,006;R
12,567084;8,372;0,006;R
12,567594;8,384;0,006;R
12,568103;8,369;0,006;R
12,568612;8,377;0,006;R
12,569411;8,371;0,006;R
12,56992;8,355;0,006;R
12,570429;8,361;0,006;R
12,570939;8,35;0,006;R
12,571448;8,375;0,006;R
12,571957;8,36;0,006;R
12,572466;8,371;0,006;R
12,572976;8,349;0,006;R
12,573496;8,308;0,006;R
12,573994;8,348;0,006;R
12,574503;8,355;0,006;R
12,575013;8,343;0,006;R
12,575522;8,337;0,006;R
12,576031;8,346;0,006;R
12,57654;8,363;0,006;R
12,57705;8,335;0,006;R
12,577559;8,355;0,006;R
12,57808;8,366;0,006;R
12,578578;8,352;0,006;R
12,579075;8,376;0,006;R
12,579573;8,353;0,006;R
12,580071;8,353;0,006;R
12,580568;8,366;0,006;R
12,581078;8,37;0,006;R
12,581587;8,363;0,006;R
12,582096;8,37;0,006;R
12,582617;8,354;0,006;R
12,583126;8,353;0,006;R
12,583635;8,372;0,006;R
12,584133;8,364;0,006;R
12,584631;8,369;0,006;R
12,58514;8,348;0,006;R
12,585661;8,365;0,006;R
12,58617;8,381;0,006;R
12,586679;8,346;0,006;R
12,587177;8,346;0,006;R
12,587698;8,345;0,006;R
12,588219;8,362;0,006;R
12,588716;8,35;0,006;R
12,589226;8,344;0,006;R
12,589746;8,352;0,006;R
12,590256;8,308;0,006;R
12,590765;8,33;0,006;R
12,591286;8,351;0,006;R
12,591795;8,341;0,006;R
12,592293;8,342;0,006;R
12,592814;8,357;0,006;R
12,593311;8,349;0,006;R
12,593809;8,339;0,006;R
12,594307;8,354;0,006;R
12,594816;8,353;0,006;R
12,595337;8,358;0,006;R
12,595834;8,336;0,006;R
12,596355;8,345;0,006;R
12,596853;8,354;0,006;R
12,597362;8,353;0,006;R
12,597883;8,352;0,006;R
12,598381;8,361;0,006;R
12,59889;8,347;0,006;R
12,599411;8,338;0,006;R
12,59992;8,357;0,006;R
12,600441;8,351;0,006;R
12,60095;8,334;0,006;R
12,601471;8,349;0,006;R
12,601992;8,361;0,006;R
12,60249;8,352;0,006;R
12,603022;8,341;0,006;R
12,60352;8,339;0,006;R
12,60404;8,327;0,006;R
12,60455;8,363;0,006;R
12,605071;8,359;0,006;R
12,605591;8,339;0,006;R
12,606089;8,354;0,006;R
12,606598;8,364;0,006;R
12,607119;8,353;0,006;R
12,60764;8,338;0,006;R
12,608138;8,354;0,006;R
12,608659;8,329;0,006;R
12,609179;8,347;0,006;R
12,6097;8,332;0,006;R
12,610198;8,359;0,006;R
12,610719;8,346;0,006;R
12,611228;8,354;0,006;R
12,611749;8,34;0,006;R
12,61227;8,352;0,006;R
12,612767;8,342;0,006;R
12,613288;8,325;0,006;R
12,613809;8,353;0,006;R
12,61433;8,34;0,006;R
12,614851;8,351;0,006;R
12,615371;8,348;0,006;R
12,615869;8,348;0,006;R
12,61639;8,365;0,006;R
12,616911;8,375;0,006;R
12,617432;8,397;0,006;R
12,617929;8,356;0,006;R
12,618439;8,353;0,006;R
12,618959;8,358;0,006;R
12,61948;8,369;0,006;R
12,620001;8,374;0,006;R
12,620522;8,374;0,006;R
12,621031;8,322;0,006;R
12,621529;8,364;0,006;R
12,622038;8,359;0,006;R
12,622559;8,35;0,006;R
12,62308;8,36;0,006;R
12,623601;8,352;0,006;R
12,624121;8,375;0,006;R
12,624642;8,374;0,006;R
12,625163;8,358;0,006;R
12,625684;8,333;0,006;R
12,626216;8,362;0,006;R
12,626737;8,376;0,006;R
12,627258;8,391;0,006;R
12,627767;8,368;0,006;R
12,628288;8,365;0,006;R
12,628809;8,378;0,006;R
12,629318;8,367;0,006;R
12,629816;8,375;0,006;R
12,630325;8,372;0,006;R
12,630846;8,367;0,006;R
12,631378;8,347;0,006;R
12,631888;8,357;0,006;R
12,632397;8,376;0,006;R
12,632918;8,334;0,006;R
12,63345;8,339;0,006;R
12,633959;8,323;0,006;R
12,63448;8,337;0,006;R
12,635001;8,357;0,006;R
12,635522;8,329;0,006;R
12,636054;8,345;0,006;R
12,636564;8,351;0,006;R
12,637108;8,337;0,006;R
12,637617;8,343;0,006;R
12,638138;8,369;0,006;R
12,638647;8,359;0,006;R
12,639168;8,354;0,006;R
12,639689;8,363;0,006;R
12,640221;8,372;0,006;R
12,64073;8,318;0,007;R
12,641251;8,329;0,006;R
12,641784;8,368;0,006;R
12,642304;8,362;0,006;R
12,642837;8,367;0,006;R
12,643346;8,362;0,006;R
12,643878;8,363;0,006;R
12,644388;8,352;0,006;R
12,644909;8,344;0,006;R
12,645441;8,337;0,006;R
12,645973;8,341;0,006;R
12,646483;8,355;0,006;R
12,647015;8,352;0,006;R
12,647536;8,363;0,006;R
12,648068;8,346;0,006;R
12,648589;8,35;0,006;R
12,649121;8,352;0,006;R
12,649654;8,314;0,007;R
12,650175;8,357;0,006;R
12,650707;8,347;0,006;R
12,651216;8,332;0,006;R
12,651749;8,303;0,006;R
12,652258;8,361;0,006;R
12,65279;8,352;0,006;R
12,653311;8,352;0,006;R
12,653832;8,333;0,006;R
12,654365;8,309;0,007;R
12,654874;8,341;0,006;R
12,655418;8,313;0,006;R
12,655927;8,363;0,006;R
12,656459;8,365;0,006;R
12,656992;8,357;0,006;R
12,657501;8,357;0,006;R
12,658034;8,347;0,006;R
12,658566;8,322;0,006;R
12,659087;8,337;0,006;R
12,659608;8,34;0,006;R
12,66014;8,352;0,006;R
12,660672;8,348;0,006;R
12,661205;8,341;0,006;R
12,661714;8,348;0,006;R
12,662246;8,36;0,006;R
12,662779;8,305;0,007;R
12,663323;8,353;0,006;R
12,663855;8,351;0,006;R
12,664376;8,349;0,006;R
12,664897;8,341;0,007;R
12,665429;8,363;0,006;R
12,665939;8,336;0,007;R
12,666471;8,338;0,006;R
12,667003;8,343;0,006;R
12,667536;8,364;0,007;R
12,668068;8,347;0,007;R
12,668601;8,363;0,006;R
12,669133;8,36;0,006;R
12,669665;8,354;0,007;R
12,670198;8,338;0,006;R
12,67073;8,342;0,007;R
12,671263;8,354;0,007;R
12,671807;8,351;0,006;R
12,672328;8,341;0,007;R
12,672871;8,369;0,006;R
12,673392;8,39;0,007;R
12,673925;8,386;0,007;R
12,674457;8,363;0,007;R
12,675001;8,353;0,007;R
12,675534;8,349;0,007;R
12,676054;8,293;0,007;R
12,676587;8,342;0,007;R
12,677119;8,358;0,007;R
12,677652;8,367;0,007;R
12,678196;8,368;0,007;R
12,678716;8,364;0,007;R
12,679237;8,368;0,007;R
12,679781;8,357;0,007;R
12,680302;8,375;0,007;R
12,680846;8,38;0,007;R
12,681378;8,369;0,007;R
12,681922;8,372;0,007;R
12,682466;8,374;0,007;R
12,682987;8,347;0,007;R
12,683531;8,39;0,007;R
12,684075;8,407;0,007;R
12,684596;8,384;0,007;R
12,68514;8,357;0,007;R
12,685672;8,383;0,007;R
12,686193;8,389;0,007;R
12,686737;8,376;0,007;R
12,68727;8,381;0,007;R
12,687814;8,399;0,007;R
12,688334;8,374;0,007;R
12,688878;8,37;0,007;R
12,689399;8,36;0,007;R
12,81011;8,208;0,003;R
12,81195;8,255;0,003;R
12,81377;8,284;0,002;R
12,81561;8,18;0,002;R
12,81744;8,286;0,003;R
12,81928;8,261;0,003;R
12,82112;8,271;0,003;R
12,82298;8,245;0,003;R
12,82479;8,133;0,003;R
12,82663;8,223;0,003;R
12,82847;8,236;0,003;R
12,83029;8,257;0,003;R
12,83214;8,223;0,003;R
12,83398;8,271;0,003;R
12,8358;8,214;0,003;R
12,83766;8,298;0,003;R
12,83953;8,277;0,002;R
12,84137;8,217;0,003;R
12,84573;8,303;0,003;R
13,515296;8,493;0,006;R
13,515921;8,459;0,006;R
13,516546;8,486;0,006;R
13,517171;8,482;0,007;R
13,517773;8,426;0,006;R
13,518398;8,519;0,006;R
13,519012;8,416;0,006;R
13,519625;8,441;0,007;R
13,52025;8,444;0,006;R
13,520875;8,437;0,006;R
13,521477;8,466;0,006;R
13,522102;8,461;0,006;R
13,522727;8,454;0,006;R
13,52334;8,441;0,007;R
13,523954;8,442;0,007;R
13,524567;8,472;0,008;R
13,525181;8,427;0,009;R
13,525794;8,363;0,014;R
13,526407;8,44;0,012;R
13,527032;8,493;0,018;R
13,527646;8,445;0,015;R
13,528271;8,423;0,013;R
13,528884;8,476;0,015;R
13,529509;8,438;0,014;R
13,530111;8,44;0,014;R
13,530724;8,412;0,009;R
13,531338;8,349;0,013;R
13,531951;8,301;0,019;R
13,532576;8,423;0,007;R
13,533213;8,433;0,006;R
13,533838;8,47;0,007;R
13,534463;8,31;0,011;R
13,535088;8,53;0,008;R
13,535713;8,448;0,005;R
13,536338;8,43;0,005;R
13,536951;8,423;0,005;R
13,537576;8,448;0,005;R
13,538201;8,521;0,011;R
13,538826;8,41;0,009;R
13,539451;8,47;0,006;R
13,540076;8,407;0,005;R
13,540701;8,399;0,005;R
13,541326;8,46;0,005;R
13,54194;8,437;0,005;R
13,542565;8,459;0,005;R
13,54319;8,438;0,005;R
13,543815;8,453;0,005;R
13,544428;8,452;0,005;R
13,545042;8,445;0,005;R
13,545667;8,443;0,005;R
13,54628;8,458;0,005;R
13,546905;8,437;0,005;R
13,547518;8,459;0,006;R
13,548143;8,457;0,006;R
13,548757;8,433;0,005;R
13,549359;8,436;0,005;R
13,549972;8,422;0,005;R
13,550586;8,46;0,005;R
13,551222;8,458;0,005;R
13,551847;8,448;0,005;R
13,552472;8,416;0,006;R
13,553097;8,532;0,008;R
13,553722;8,462;0,008;R
13,554336;8,387;0,009;R
13,554949;8,478;0,013;R
13,555574;8,437;0,007;R
13,556211;8,444;0,006;R
13,556824;8,444;0,007;R
13,557437;8,584;0,009;R
13,558051;8,431;0,007;R
13,558664;8,398;0,01;R
13,559301;8,457;0,009;R
13,559926;8,454;0,008;R
13,560528;8,445;0,008;R
13,561141;8,441;0,01;R
13,561755;8,396;0,01;R
13,562368;8,432;0,008;R
13,562993;8,433;0,012;R
13,563606;8,383;0,013;R
13,56422;8,323;0,021;R
13,564833;8,519;0,019;R
13,565447;8,227;0,02;R
13,566049;8,284;0,011;R
13,566963;8,407;0,01;R
13,567588;8,465;0,011;R
13,568213;8,44;0,011;R
13,568838;8,382;0,011;R
13,569451;8,509;0,009;R
13,57069;8,409;0,011;R
13,571303;8,45;0,03;R
13,571917;8,553;0,031;R
13,572542;8,495;0,017;R
13,573155;8,467;0,009;R
13,573768;8,507;0,01;R
13,574382;8,39;0,016;R
13,575007;8,45;0,01;R
13,57562;8,446;0,01;R
13,576222;8,439;0,012;R
13,576847;8,519;0,007;R
13,577472;8,455;0,006;R
13,578097;8,326;0,008;R
13,578711;8,382;0,012;R
13,579324;8,429;0,01;R
13,579949;8,592;0,023;R
13,580562;8,453;0,009;R
13,581187;8,436;0,011;R
13,581801;8,471;0,012;R
13,582403;8,643;0,014;R
13,584255;8,539;0,041;R
13,584856;8,144;0,026;R
13,585481;8,428;0,019;R
13,586095;8,475;0,022;R
13,586708;8,456;0,023;R
13,587322;8,384;0,014;R
13,587947;8,48;0,04;R
13,58856;8,612;0,026;R
13,589174;8,311;0,018;R
13,589799;8,465;0,046;R
13,590412;8,439;0,031;R
13,591037;8,428;0,021;R
13,59165;8,494;0,016;R
13,592275;8,341;0,016;R
13,592877;8,526;0,018;R
13,593491;8,436;0,024;R
13,594104;8,444;0,024;R
13,594729;8,328;0,018;R
13,595343;8,41;0,03;R
13,595956;8,43;0,022;R
13,596581;8,383;0,015;R
13,597194;8,409;0,021;R
13,597808;8,398;0,013;R
13,598444;8,669;0,01;R
13,599058;8,228;0,018;R
13,600308;8,491;0,037;R
13,600933;8,537;0,027;R
13,601558;8,503;0,022;R
13,602171;8,294;0,027;R
13,60341;8,492;0,022;R
13,604023;8,299;0,018;R
13,604648;8,389;0,021;R
13,60525;8,583;0,014;R
13,605875;8,493;0,008;R
13,6065;8,4;0,006;R
13,607113;8,438;0,006;R
13,607738;8,444;0,008;R
13,608363;8,245;0,044;R
13,608977;8,372;0,009;R
13,60959;8,385;0,01;R
13,610204;8,52;0,019;R
13,611442;8,409;0,024;R
13,612056;8,303;0,014;R
13,612669;8,514;0,013;R
13,613282;8,361;0,015;R
13,618236;8,476;0,01;R
13,618873;8,522;0,006;R
13,619486;8,377;0,011;R
13,620099;8,466;0,014;R
13,620724;8,543;0,019;R
13,621338;8,462;0,022;R
13,621951;8,287;0,017;R
13,622576;8,384;0,015;R
13,62319;8,477;0,011;R
13,624417;8,315;0,029;R
13,62503;8,371;0,01;R
13,62628;8,438;0,007;R
13,626882;8,565;0,01;R
13,627507;8,61;0,019;R
13,628757;8,509;0,037;R
13,629359;8,492;0,04;R
13,629984;8,277;0,02;R
13,630609;8,537;0,012;R
13,631211;8,481;0,009;R
13,631836;8,566;0,007;R
13,632449;8,6;0,007;R
13,633062;8,496;0,007;R
13,633687;8,497;0,007;R
13,634312;8,484;0,006;R
13,634937;8,48;0,007;R
13,635562;8,506;0,006;R
13,636164;8,479;0,006;R
13,636778;8,475;0,007;R
13,637403;8,469;0,007;R
13,638028;8,48;0,008;R
13,63863;8,085;0,017;R
13,639243;7,995;0,041;R
13,639868;8,559;0,029;R
13,640493;8,275;0,058;R
13,641106;8,5;0,021;R
13,64172;8,477;0,008;R
13,642356;8,514;0,006;R
13,642981;8,453;0,006;R
13,643606;8,468;0,006;R
13,644231;8,45;0,005;R
13,644856;8,428;0,006;R
13,64547;8,55;0,008;R
13,646083;8,348;0,019;R
13,646708;8,488;0,008;R
13,647333;8,608;0,008;R
13,647958;8,472;0,007;R
13,648583;8,484;0,007;R
13,649208;8,528;0,009;R
13,649833;8,531;0,009;R
13,650447;8,526;0,009;R
13,65106;8,48;0,027;R
13,651685;8,464;0,007;R
13,65231;8,431;0,009;R
13,652935;8,294;0,012;R
13,65356;8,388;0,011;R
13,654185;8,513;0,017;R
13,659764;8,437;0,054;R
13,664081;8,461;0,009;R
13,664706;8,524;0,04;R
13,670273;8,564;0,045;R
13,671523;8,415;0,047;R
13,672148;8,538;0,026;R
13,672773;8,323;0,018;R
13,673398;8,65;0,014;R
13,674012;8,504;0,007;R
13,674625;8,51;0,011;R
13,675238;8,56;0,01;R
13,675863;8,58;0,015;R
13,676477;8,563;0,011;R
13,677102;8,35;0,012;R
13,677727;8,397;0,02;R
13,678352;8,231;0,014;R
13,678977;8,356;0,038;R
13,67959;8,587;0,024;R
13,680215;8,216;0,028;R
13,68084;8,403;0,032;R
13,681465;8,446;0,051;R
13,68209;8,403;0,026;R
13,682715;8,577;0,037;R
13,68334;8,557;0,025;R
13,683965;8,53;0,015;R
13,68459;8,601;0,022;R
13,685215;8,819;0,015;R
13,686454;8,245;0,011;R
13,687079;8,487;0,011;R
13,687704;8,509;0,007;R
13,68834;8,352;0,009;R
13,688954;8,586;0,008;R
13,689579;8,414;0,011;R
13,81842;8,182;0,004;R
13,82036;8,165;0,007;R
13,82233;8,169;0,015;R
13,82428;8,195;0,001;R
13,82622;8,18;0,004;R
13,82814;8,195;0,006;R
13,83013;8,181;0,001;R
13,8321;8,189;0,004;R
13,83404;8,209;0,002;R
13,836;8,177;0,004;R
13,83798;8,203;0,009;R
13,83992;8,182;0,002;R
13,84189;8,178;0,002;R
13,84382;8,184;0,002;R
13,8458;8,204;0,005;R
13,84773;8,236;0,007;R
13,84971;8,217;0,001;R
13,85433;8,192;0,007;R
13,95754;8,284;0,001;R
14,512843;8,549;0,005;R
14,513468;8,589;0,005;R
14,514093;8,562;0,005;R
14,514706;8,531;0,005;R
14,515319;8,574;0,005;R
14,515944;8,573;0,005;R
14,516569;8,609;0,006;R
14,517194;8,595;0,005;R
14,517808;8,604;0,005;R
14,51841;8,562;0,005;R
14,519035;8,568;0,005;R
14,51966;8,532;0,005;R
14,520285;8,564;0,005;R
14,52091;8,634;0,005;R
14,521535;8,551;0,005;R
14,52216;8,611;0,005;R
14,52275;8,529;0,005;R
14,523363;8,539;0,005;R
14,523988;8,571;0,005;R
14,524613;8,565;0,005;R
14,525238;8,57;0,005;R
14,525863;8,542;0,005;R
14,526477;8,566;0,005;R
14,527102;8,565;0,005;R
14,527715;8,581;0,005;R
14,528329;8,573;0,005;R
14,528942;8,55;0,005;R
14,529556;8,585;0,005;R
14,530157;8,594;0,005;R
14,530782;8,575;0,005;R
14,531396;8,582;0,005;R
14,532032;8,567;0,005;R
14,532646;8,542;0,005;R
14,533259;8,571;0,005;R
14,533849;8,568;0,005;R
14,534474;8,625;0,005;R
14,535088;8,573;0,005;R
14,535701;8,562;0,005;R
14,536326;8,541;0,005;R
14,536951;8,519;0,005;R
14,537565;8,577;0,005;R
14,538167;8,503;0,005;R
14,538792;8,57;0,006;R
14,539405;8,561;0,005;R
14,54003;8,553;0,005;R
14,540655;8,581;0,005;R
14,54128;8,567;0,005;R
14,541917;8,571;0,005;R
14,54253;8,643;0,005;R
14,543167;8,558;0,005;R
14,543792;8,543;0,005;R
14,544417;8,584;0,005;R
14,545042;8,582;0,005;R
14,545667;8,617;0,005;R
14,54628;8,572;0,005;R
14,546893;8,595;0,005;R
14,547507;8,598;0,005;R
14,54812;8,619;0,005;R
14,548745;8,601;0,006;R
14,54937;8,587;0,005;R
14,550007;8,608;0,005;R
14,55062;8,572;0,005;R
14,551234;8,555;0,005;R
14,551859;8,563;0,005;R
14,552484;8,605;0,005;R
14,55312;8,552;0,005;R
14,553745;8,584;0,005;R
14,55437;8,575;0,005;R
14,554995;8,533;0,005;R
14,55562;8,568;0,005;R
14,556234;8,564;0,005;R
14,556847;8,535;0,005;R
14,557461;8,579;0,005;R
14,558086;8,57;0,005;R
14,558722;8,587;0,005;R
14,559336;8,572;0,005;R
14,559961;8,558;0,005;R
14,560574;8,625;0,005;R
14,561211;8,592;0,005;R
14,561824;8,555;0,005;R
14,562449;8,557;0,005;R
14,563074;8,546;0,005;R
14,563965;8,559;0,005;R
14,564579;8,585;0,005;R
14,565204;8,614;0,005;R
14,56584;8,58;0,005;R
14,566465;8,589;0,005;R
14,567079;8,552;0,005;R
14,567704;8,592;0,005;R
14,568317;8,553;0,005;R
14,568931;8,578;0,005;R
14,569556;8,619;0,005;R
14,570169;8,598;0,005;R
14,570794;8,607;0,005;R
14,571419;8,62;0,005;R
14,572044;8,568;0,005;R
14,572657;8,583;0,005;R
14,573282;8,577;0,005;R
14,573896;8,557;0,005;R
14,574521;8,586;0,005;R
14,575134;8,563;0,005;R
14,575759;8,559;0,005;R
14,576373;8,61;0,005;R
14,576998;8,591;0,005;R
14,577623;8,639;0,005;R
14,578259;8,575;0,005;R
14,578873;8,629;0,005;R
14,579486;8,656;0,005;R
14,580123;8,556;0,005;R
14,580748;8,599;0,005;R
14,581373;8,566;0,005;R
14,581986;8,553;0,005;R
14,582599;8,589;0,005;R
14,583213;8,554;0,005;R
14,583826;8,56;0,005;R
14,58444;8,568;0,005;R
14,585065;8,6;0,005;R
14,585678;8,582;0,005;R
14,586292;8,575;0,005;R
14,586917;8,561;0,005;R
14,58753;8,608;0,005;R
14,588143;8,591;0,005;R
14,588757;8,56;0,005;R
14,58937;8,59;0,005;R
14,589984;8,558;0,005;R
14,590609;8,563;0,005;R
14,591222;8,601;0,005;R
14,591836;8,594;0,005;R
14,592449;8,541;0,005;R
14,593074;8,59;0,005;R
14,593687;8,618;0,005;R
14,594301;8,586;0,005;R
14,594914;8,582;0,005;R
14,595539;8,57;0,005;R
14,596153;8,577;0,005;R
14,596778;8,57;0,005;R
14,597403;8,571;0,005;R
14,598016;8,554;0,005;R
14,598641;8,577;0,005;R
14,599255;8,552;0,005;R
14,599856;8,619;0,005;R
14,600481;8,56;0,005;R
14,601095;8,595;0,005;R
14,601708;8,569;0,005;R
14,602322;8,566;0,005;R
14,602935;8,583;0,005;R
14,603549;8,572;0,005;R
14,604174;8,555;0,005;R
14,604787;8,615;0,005;R
14,6054;8,55;0,005;R
14,606025;8,526;0,005;R
14,60665;8,565;0,005;R
14,607275;8,545;0,005;R
14,607889;8,526;0,005;R
14,608502;8,537;0,005;R
14,609116;8,551;0,005;R
14,609741;8,562;0,005;R
14,610354;8,564;0,005;R
14,610979;8,545;0,005;R
14,611593;8,564;0,005;R
14,612206;8,57;0,005;R
14,612831;8,588;0,005;R
14,613444;8,58;0,005;R
14,614058;8,568;0,005;R
14,614671;8,58;0,005;R
14,615285;8,551;0,005;R
14,61591;8,573;0,005;R
14,616535;8,55;0,005;R
14,617148;8,598;0,005;R
14,617785;8,561;0,005;R
14,618398;8,605;0,005;R
14,619012;8,61;0,005;R
14,619637;8,566;0,005;R
14,62025;8,521;0,005;R
14,620875;8,61;0,005;R
14,621488;8,596;0,005;R
14,622125;8,597;0,005;R
14,62275;8,542;0,005;R
14,623375;8,536;0,005;R
14,624;8,575;0,005;R
14,624602;8,573;0,005;R
14,625227;8,546;0,005;R
14,625852;8,586;0,005;R
14,626465;8,595;0,005;R
14,62709;8,575;0,005;R
14,627704;8,573;0,005;R
14,628329;8,561;0,005;R
14,628954;8,502;0,005;R
14,629579;8,496;0,005;R
14,630192;8,595;0,006;R
14,630817;8,621;0,006;R
14,631442;8,173;0,007;R
14,632067;8,594;0,006;R
14,632681;8,746;0,016;R
14,633306;8,612;0,008;R
14,633919;8,039;0,012;R
14,634532;8,605;0,006;R
14,635157;8,181;0,008;R
14,635771;8,547;0,005;R
14,636396;8,57;0,005;R
14,637009;8,377;0,017;R
14,637623;8,811;0,009;R
14,638248;8,568;0,005;R
14,638873;8,719;0,006;R
14,639486;8,566;0,005;R
14,640111;8,577;0,005;R
14,640724;8,541;0,005;R
14,641349;8,534;0,005;R
14,641963;8,557;0,005;R
14,642576;8,543;0,005;R
14,643201;8,605;0,005;R
14,643815;8,53;0,005;R
14,64444;8,534;0,005;R
14,645065;8,564;0,005;R
14,645678;8,565;0,005;R
14,646303;8,561;0,005;R
14,646917;8,549;0,005;R
14,64753;8,564;0,005;R
14,648155;8,571;0,005;R
14,648768;8,563;0,005;R
14,649382;8,565;0,005;R
14,650007;8,522;0,005;R
14,65062;8,608;0,005;R
14,651234;8,611;0,005;R
14,651859;8,506;0,006;R
14,652484;8,585;0,005;R
14,653109;8,589;0,005;R
14,653722;8,607;0,005;R
14,654347;8,562;0,005;R
14,654972;8,555;0,005;R
14,655597;8,58;0,005;R
14,656211;8,568;0,005;R
14,656824;8,525;0,005;R
14,657437;8,623;0,005;R
14,658062;8,605;0,005;R
14,658687;8,603;0,005;R
14,659312;8,586;0,005;R
14,659937;8,551;0,005;R
14,660562;8,578;0,005;R
14,661187;8,583;0,005;R
14,661812;8,558;0,005;R
14,662437;8,551;0,005;R
14,663062;8,604;0,005;R
14,663687;8,542;0,005;R
14,664312;8,61;0,005;R
14,664937;8,549;0,005;R
14,665562;8,582;0,005;R
14,666187;8,549;0,005;R
14,666812;8,588;0,005;R
14,667437;8,588;0,005;R
14,668062;8,601;0,005;R
14,668687;8,596;0,005;R
14,669301;8,548;0,005;R
14,669926;8,585;0,005;R
14,670551;8,58;0,005;R
14,671176;8,599;0,005;R
14,671789;8,556;0,005;R
14,672403;8,565;0,005;R
14,673028;8,563;0,005;R
14,673653;8,571;0,005;R
14,674266;8,572;0,005;R
14,67488;8,553;0,005;R
14,675505;8,588;0,005;R
14,676118;8,54;0,005;R
14,676731;8,564;0,006;R
14,677345;8,591;0,005;R
14,67797;8,55;0,005;R
14,678595;8,574;0,006;R
14,67922;8,542;0,006;R
14,679856;8,583;0,006;R
14,68047;8,577;0,006;R
14,681083;8,61;0,006;R
14,681708;8,57;0,006;R
14,682333;8,554;0,006;R
14,68297;8,574;0,006;R
14,683595;8,587;0,006;R
14,684231;8,607;0,006;R
14,684856;8,555;0,006;R
14,68547;8,596;0,006;R
14,686095;8,568;0,006;R
14,68672;8,579;0,006;R
14,687356;8,569;0,006;R
14,687981;8,584;0,006;R
14,688606;8,563;0,006;R
14,68922;8,567;0,006;R
14,80375;8,281;0,003;R
14,80567;8,318;0,003;R
14,80764;8,32;0,003;R
14,80957;8,326;0,003;R
14,81149;8,347;0,003;R
14,8134;8,359;0,003;R
14,81535;8,306;0,003;R
14,81727;8,329;0,003;R
14,81925;8,335;0,003;R
14,8212;8,326;0,003;R
14,82311;8,346;0,003;R
14,82507;8,347;0,003;R
14,82705;8,336;0,003;R
14,82897;8,344;0,003;R
14,8309;8,375;0,003;R
14,83284;8,283;0,003;R
14,83473;8,353;0,003;R
14,83924;8,35;0,003;R
15,50988;8,635;0,005;R
15,510493;8,684;0,005;R
15,511106;8,702;0,005;R
15,511731;8,669;0,005;R
15,512356;8,687;0,005;R
15,512981;8,706;0,005;R
15,513606;8,675;0,005;R
15,514231;8,658;0,005;R
15,514845;8,663;0,005;R
15,515458;8,678;0,005;R
15,516083;8,686;0,005;R
15,516708;8,691;0,005;R
15,517333;8,676;0,005;R
15,51797;8,67;0,005;R
15,518583;8,701;0,005;R
15,519208;8,693;0,005;R
15,519833;8,658;0,005;R
15,520458;8,636;0,005;R
15,521083;8,695;0,005;R
15,521708;8,65;0,005;R
15,522345;8,677;0,005;R
15,52297;8,681;0,005;R
15,523595;8,723;0,005;R
15,524208;8,673;0,005;R
15,524845;8,672;0,005;R
15,525458;8,699;0,005;R
15,526083;8,677;0,005;R
15,526708;8,648;0,005;R
15,527333;8,643;0,005;R
15,52797;8,679;0,005;R
15,528583;8,641;0,005;R
15,529208;8,696;0,005;R
15,529833;8,671;0,005;R
15,530458;8,647;0,005;R
15,531083;8,685;0,005;R
15,531708;8,688;0,005;R
15,532333;8,656;0,005;R
15,532958;8,675;0,005;R
15,533583;8,672;0,005;R
15,534208;8,645;0,005;R
15,534833;8,651;0,005;R
15,535458;8,631;0,005;R
15,536095;8,675;0,005;R
15,53672;8,671;0,005;R
15,537345;8,648;0,005;R
15,53797;8,63;0,005;R
15,538595;8,653;0,005;R
15,53922;8,678;0,005;R
15,539845;8,651;0,005;R
15,54047;8,671;0,005;R
15,541095;8,666;0,005;R
15,54172;8,662;0,005;R
15,542345;8,693;0,005;R
15,54297;8,676;0,005;R
15,543595;8,672;0,005;R
15,544208;8,7;0,005;R
15,544845;8,677;0,005;R
15,545481;8,652;0,005;R
15,546106;8,653;0,005;R
15,546731;8,662;0,005;R
15,547345;8,676;0,005;R
15,54797;8,674;0,005;R
15,548595;8,681;0,005;R
15,54922;8,655;0,005;R
15,549833;8,674;0,005;R
15,55047;8,645;0,005;R
15,551095;8,662;0,005;R
15,551743;8,668;0,005;R
15,552368;8,655;0,005;R
15,552993;8,648;0,005;R
15,553618;8,649;0,005;R
15,554243;8,666;0,005;R
15,554868;8,661;0,005;R
15,555493;8,63;0,005;R
15,556118;8,646;0,005;R
15,556743;8,649;0,005;R
15,557368;8,685;0,005;R
15,558005;8,628;0,005;R
15,55863;8,655;0,005;R
15,559255;8,641;0,005;R
15,559868;8,647;0,005;R
15,560493;8,662;0,005;R
15,595724;8,673;0,005;R
15,596373;8,654;0,005;R
15,596998;8,692;0,005;R
15,597623;8,658;0,005;R
15,598248;8,669;0,005;R
15,598873;8,642;0,005;R
15,599498;8,618;0,005;R
15,600123;8,659;0,005;R
15,600759;8,667;0,005;R
15,601407;8,656;0,005;R
15,602032;8,629;0,005;R
15,602669;8,635;0,005;R
15,603317;8,663;0,005;R
15,603942;8,645;0,005;R
15,604579;8,658;0,005;R
15,605227;8,666;0,005;R
15,605852;8,681;0,005;R
15,6065;8,65;0,005;R
15,60716;8,644;0,005;R
15,607785;8,652;0,005;R
15,608433;8,638;0,005;R
15,609081;8,648;0,005;R
15,609706;8,628;0,005;R
15,610343;8,671;0,005;R
15,611002;8,638;0,005;R
15,611627;8,645;0,005;R
15,612264;8,646;0,005;R
15,6129;8,601;0,005;R
15,613537;8,657;0,005;R
15,614185;8,618;0,005;R
15,614822;8,615;0,005;R
15,615458;8,689;0,005;R
15,616095;8,623;0,005;R
15,616743;8,65;0,005;R
15,61738;8,633;0,005;R
15,618005;8,643;0,005;R
15,618641;8,64;0,005;R
15,619289;8,618;0,005;R
15,619914;8,627;0,005;R
15,620539;8,683;0,005;R
15,621164;8,681;0,005;R
15,621801;8,641;0,005;R
15,622449;8,531;0,005;R
15,623086;8,616;0,005;R
15,623722;8,628;0,005;R
15,62437;8,638;0,005;R
15,624995;8,574;0,005;R
15,625632;8,621;0,005;R
15,62628;8,607;0,005;R
15,626917;8,632;0,005;R
15,627565;8,629;0,005;R
15,62819;8,659;0,005;R
15,628826;8,622;0,005;R
15,629474;8,664;0,005;R
15,630099;8,66;0,005;R
15,630748;8,598;0,005;R
15,631373;8,649;0,005;R
15,632021;8,62;0,005;R
15,632646;8,629;0,005;R
15,633282;8,647;0,005;R
15,633931;8,634;0,005;R
15,634579;8,565;0,005;R
15,635204;8,639;0,005;R
15,63584;8,544;0,005;R
15,636488;8,64;0,005;R
15,637137;8,632;0,005;R
15,637773;8,636;0,005;R
15,638433;8,629;0,005;R
15,639058;8,635;0,005;R
15,639706;8,634;0,005;R
15,640331;8,663;0,005;R
15,640979;8,64;0,005;R
15,641604;8,663;0,006;R
15,642252;8,684;0,005;R
15,6429;8,622;0,005;R
15,643537;8,66;0,005;R
15,644174;8,638;0,005;R
15,644822;8,682;0,005;R
15,645447;8,632;0,005;R
15,646095;8,651;0,005;R
15,64672;8,633;0,005;R
15,647368;8,676;0,005;R
15,648016;8,674;0,005;R
15,648653;8,681;0,005;R
15,649301;8,633;0,005;R
15,649949;8,597;0,005;R
15,650586;8,643;0,005;R
15,651222;8,632;0,005;R
15,65187;8,64;0,005;R
15,652518;8,639;0,005;R
15,653143;8,635;0,005;R
15,653792;8,658;0,005;R
15,65444;8,652;0,005;R
15,655088;8,686;0,005;R
15,655724;8,624;0,005;R
15,656373;8,653;0,005;R
15,657021;8,666;0,005;R
15,657657;8,634;0,006;R
15,658306;8,665;0,005;R
15,658954;8,64;0,005;R
15,65959;8,646;0,005;R
15,660238;8,672;0,005;R
15,660887;8,67;0,005;R
15,661535;8,648;0,006;R
15,662183;8,64;0,005;R
15,662819;8,671;0,005;R
15,663456;8,649;0,005;R
15,664104;8,671;0,005;R
15,664752;8,646;0,005;R
15,6654;8,607;0,006;R
15,666037;8,664;0,006;R
15,666685;8,642;0,005;R
15,667322;8,607;0,006;R
15,667958;8,647;0,005;R
15,668606;8,621;0,005;R
15,669255;8,669;0,006;R
15,669914;8,639;0,005;R
15,670551;8,635;0,006;R
15,671187;8,629;0,005;R
15,671836;8,67;0,006;R
15,672495;8,68;0,005;R
15,673143;8,643;0,006;R
15,673792;8,624;0,006;R
15,67444;8,675;0,005;R
15,675099;8,674;0,006;R
15,675736;8,648;0,006;R
15,676373;8,658;0,005;R
15,677021;8,661;0,006;R
15,677681;8,636;0,006;R
15,678317;8,646;0,006;R
15,678977;8,659;0,005;R
15,679613;8,63;0,006;R
15,68025;8,667;0,006;R
15,68091;8,668;0,006;R
15,681546;8,642;0,006;R
15,682206;8,649;0,006;R
15,682843;8,658;0,006;R
15,683479;8,633;0,006;R
15,684127;8,67;0,006;R
15,684787;8,662;0,006;R
15,685424;8,64;0,006;R
15,68606;8,636;0,006;R
15,68672;8,628;0,006;R
15,687356;8,648;0,006;R
15,688016;8,645;0,006;R
15,688664;8,644;0,006;R
15,689324;8,665;0,006;R
15,689961;8,694;0,006;R
15,84138;8,459;0,001;R
15,84331;8,411;0,001;R
15,84524;8,397;0,001;R
15,85109;8,412;0,001;R
15,85302;8,504;0,001;R
15,85497;8,425;0,001;R
15,85691;8,462;0,001;R
15,85888;8,431;0,001;R
15,86079;8,469;0,001;R
15,86274;8,423;0,001;R
15,86471;8,476;0,001;R
15,86664;8,436;0,001;R
15,86859;8,409;0,001;R
15,87055;8,459;0,001;R
15,87249;8,41;0,001;R
15,87443;8,422;0,001;R
15,87903;8,442;0,001;R
16,507079;8,7;0,005;R
16,507704;8,696;0,005;R
16,508329;8,72;0,005;R
16,508942;8,714;0,006;R
16,509567;8,735;0,005;R
16,510192;8,702;0,005;R
16,510817;8,7;0,005;R
16,511442;8,707;0,005;R
16,512067;8,703;0,005;R
16,512692;8,706;0,005;R
16,513317;8,696;0,005;R
16,513942;8,732;0,005;R
16,514579;8,702;0,005;R
16,515204;8,721;0,005;R
16,515829;8,715;0,005;R
16,516454;8,715;0,005;R
16,517079;8,713;0,005;R
16,517704;8,703;0,005;R
16,518329;8,726;0,005;R
16,518954;8,709;0,005;R
16,519579;8,711;0,005;R
16,520192;8,723;0,005;R
16,520806;8,702;0,005;R
16,521431;8,724;0,005;R
16,522056;8,718;0,005;R
16,522681;8,69;0,005;R
16,523306;8,697;0,005;R
16,523931;8,718;0,005;R
16,524556;8,708;0,005;R
16,525181;8,714;0,005;R
16,525817;8,722;0,005;R
16,526442;8,712;0,005;R
16,527067;8,716;0,005;R
16,527681;8,683;0,005;R
16,528306;8,696;0,005;R
16,528919;8,705;0,005;R
16,529532;8,692;0,005;R
16,530169;8,702;0,005;R
16,530794;8,697;0,005;R
16,531419;8,696;0,005;R
16,532032;8,714;0,005;R
16,532669;8,702;0,005;R
16,533294;8,729;0,005;R
16,533919;8,72;0,005;R
16,534532;8,714;0,005;R
16,535157;8,719;0,005;R
16,535794;8,706;0,005;R
16,536419;8,698;0,005;R
16,537044;8,721;0,005;R
16,537657;8,717;0,005;R
16,538282;8,752;0,005;R
16,538919;8,718;0,005;R
16,539544;8,722;0,005;R
16,540169;8,711;0,005;R
16,540794;8,71;0,005;R
16,541407;8,757;0,005;R
16,542032;8,734;0,005;R
16,542669;8,76;0,005;R
16,543294;8,727;0,005;R
16,543907;8,732;0,005;R
16,544521;8,722;0,005;R
16,545146;8,706;0,005;R
16,545782;8,732;0,005;R
16,546419;8,714;0,005;R
16,547044;8,739;0,005;R
16,547657;8,715;0,005;R
16,548271;8,742;0,005;R
16,548907;8,711;0,005;R
16,549532;8,741;0,005;R
16,550157;8,694;0,005;R
16,550782;8,725;0,005;R
16,551407;8,692;0,005;R
16,552021;8,713;0,005;R
16,552657;8,701;0,005;R
16,553282;8,72;0,005;R
16,553919;8,715;0,005;R
16,554544;8,704;0,005;R
16,555169;8,726;0,005;R
16,555782;8,711;0,005;R
16,556419;8,764;0,005;R
16,557044;8,722;0,005;R
16,557669;8,724;0,005;R
16,573687;8,731;0,006;R
16,574312;8,707;0,006;R
16,575574;8,735;0,006;R
16,576199;8,715;0,006;R
16,576824;8,719;0,006;R
16,577461;8,746;0,006;R
16,578086;8,79;0,006;R
16,578711;8,704;0,006;R
16,579972;8,756;0,006;R
16,580597;8,723;0,006;R
16,58216;8,749;0,005;R
16,582796;8,743;0,006;R
16,58341;8,745;0,006;R
16,584046;8,713;0,006;R
16,58466;8,742;0,006;R
16,585296;8,75;0,005;R
16,58591;8,742;0,006;R
16,586546;8,769;0,006;R
16,587183;8,757;0,005;R
16,587819;8,771;0,006;R
16,588444;8,739;0,006;R
16,589081;8,769;0,006;R
16,589694;8,755;0,006;R
16,590331;8,74;0,006;R
16,590968;8,743;0,005;R
16,591604;8,758;0,006;R
16,592218;8,79;0,006;R
16,592854;8,77;0,006;R
16,593491;8,765;0,006;R
16,594127;8,746;0,006;R
16,594741;8,756;0,006;R
16,595377;8,743;0,006;R
16,596049;8,722;0,006;R
16,596674;8,773;0,006;R
16,597287;8,727;0,006;R
16,597924;8,733;0,006;R
16,59856;8,759;0,006;R
16,599208;8,777;0,006;R
16,599845;8,759;0,006;R
16,600481;8,768;0,006;R
16,601118;8,771;0,005;R
16,601743;8,756;0,005;R
16,602368;8,739;0,005;R
16,602993;8,759;0,006;R
16,603618;8,726;0,006;R
16,604255;8,738;0,006;R
16,604891;8,747;0,006;R
16,605516;8,757;0,005;R
16,606153;8,747;0,006;R
16,606778;8,764;0,006;R
16,607426;8,784;0,006;R
16,608062;8,76;0,006;R
16,608687;8,764;0,006;R
16,609324;8,75;0,006;R
16,609961;8,765;0,006;R
16,610597;8,764;0,006;R
16,611234;8,775;0,005;R
16,61187;8,742;0,006;R
16,612507;8,774;0,006;R
16,613155;8,755;0,006;R
16,613792;8,769;0,006;R
16,614417;8,768;0,006;R
16,615042;8,758;0,006;R
16,615667;8,776;0,006;R
16,616303;8,76;0,006;R
16,616951;8,783;0,006;R
16,617576;8,78;0,006;R
16,618201;8,756;0,006;R
16,618838;8,782;0,006;R
16,619486;8,752;0,005;R
16,620123;8,739;0,006;R
16,620748;8,758;0,005;R
16,621373;8,767;0,006;R
16,622021;8,784;0,006;R
16,622657;8,763;0,005;R
16,623294;8,757;0,006;R
16,623942;8,746;0,006;R
16,624567;8,77;0,005;R
16,625192;8,758;0,005;R
16,62584;8,746;0,006;R
16,626465;8,753;0,005;R
16,627102;8,764;0,006;R
16,62775;8,742;0,005;R
16,628375;8,745;0,005;R
16,629012;8,744;0,005;R
16,62966;8,755;0,005;R
16,630285;8,73;0,005;R
16,630933;8,737;0,005;R
16,631558;8,738;0,006;R
16,632206;8,738;0,005;R
16,632843;8,73;0,005;R
16,633491;8,75;0,005;R
16,634127;8,728;0,005;R
16,634775;8,76;0,006;R
16,6354;8,745;0,006;R
16,636049;8,75;0,005;R
16,636697;8,738;0,006;R
16,637322;8,75;0,005;R
16,63797;8,751;0,006;R
16,638618;8,732;0,005;R
16,639255;8,729;0,006;R
16,639903;8,742;0,006;R
16,640539;8,752;0,006;R
16,641187;8,74;0,005;R
16,641824;8,737;0,005;R
16,642472;8,749;0,006;R
16,64312;8,762;0,006;R
16,643757;8,738;0,005;R
16,644393;8,746;0,005;R
16,645042;8,754;0,005;R
16,645678;8,75;0,006;R
16,646326;8,766;0,005;R
16,646974;8,732;0,005;R
16,647611;8,756;0,006;R
16,648259;8,753;0,006;R
16,648907;8,731;0,006;R
16,649544;8,73;0,006;R
16,650181;8,734;0,006;R
16,650829;8,752;0,005;R
16,651477;8,744;0,006;R
16,652125;8,737;0,006;R
16,652762;8,75;0,006;R
16,653398;8,745;0,006;R
16,654046;8,753;0,006;R
16,654694;8,728;0,006;R
16,655319;8,747;0,006;R
16,655968;8,734;0,006;R
16,656616;8,731;0,006;R
16,657264;8,739;0,006;R
16,657912;8,742;0,006;R
16,65856;8,747;0,006;R
16,659197;8,745;0,006;R
16,659833;8,725;0,006;R
16,660481;8,753;0,006;R
16,661118;8,743;0,006;R
16,661766;8,734;0,006;R
16,662414;8,738;0,006;R
16,663051;8,754;0,006;R
16,663699;8,727;0,006;R
16,664347;8,757;0,006;R
16,664984;8,741;0,006;R
16,66562;8,75;0,006;R
16,666257;8,755;0,006;R
16,666893;8,759;0,006;R
16,66753;8,752;0,006;R
16,668178;8,761;0,006;R
16,668826;8,745;0,006;R
16,669474;8,755;0,006;R
16,670123;8,755;0,006;R
16,670771;8,738;0,006;R
16,671419;8,741;0,006;R
16,672079;8,746;0,006;R
16,672715;8,759;0,006;R
16,673363;8,738;0,006;R
16,674012;8,728;0,006;R
16,67466;8,742;0,006;R
16,675308;8,744;0,006;R
16,675968;8,741;0,006;R
16,676616;8,736;0,006;R
16,677252;8,771;0,006;R
16,6779;8,744;0,006;R
16,67856;8,734;0,006;R
16,679197;8,76;0,006;R
16,679845;8,743;0,006;R
16,680505;8,746;0,006;R
16,681141;8,762;0,006;R
16,681789;8,75;0,006;R
16,682449;8,747;0,006;R
16,683086;8,743;0,006;R
16,683722;8,769;0,006;R
16,684382;8,743;0,006;R
16,68503;8,755;0,006;R
16,68569;8,776;0,006;R
16,686338;8,755;0,006;R
16,686974;8,766;0,006;R
16,687623;8,748;0,006;R
16,688282;8,749;0,006;R
16,688919;8,746;0,006;R
16,689579;8,775;0,006;R
16,690238;8,76;0,006;R
16,78119;8,541;0,002;R
16,78119;8,546;0,002;R
16,78149;8,554;0,002;R
16,78149;8,555;0,002;R
16,78181;8,541;0,002;R
16,78181;8,54;0,002;R
16,78211;8,541;0,002;R
16,78211;8,542;0,002;R
16,78241;8,557;0,002;R
16,78241;8,556;0,002;R
16,78271;8,557;0,002;R
16,78271;8,561;0,002;R
16,78301;8,575;0,002;R
16,78301;8,574;0,002;R
16,78331;8,553;0,002;R
16,78361;8,557;0,002;R
16,78361;8,552;0,002;R
16,78391;8,543;0,002;R
16,78391;8,54;0,002;R
17,504336;8,985;0,006;R
17,504961;8,984;0,006;R
17,505586;9,001;0,006;R
17,506211;8,986;0,006;R
17,506836;8,989;0,006;R
17,507461;9,004;0,006;R
17,508086;8,985;0,006;R
17,508711;8,991;0,006;R
17,509336;8,994;0,006;R
17,509949;8,981;0,006;R
17,510586;8,991;0,006;R
17,511199;8,991;0,006;R
17,511824;8,992;0,006;R
17,512449;8,982;0,006;R
17,513074;8,998;0,006;R
17,513699;9,001;0,006;R
17,514324;9,013;0,006;R
17,514961;8,992;0,006;R
17,515586;8,997;0,006;R
17,516211;8,995;0,006;R
17,516836;8,983;0,006;R
17,517449;8,997;0,006;R
17,518062;8,994;0,006;R
17,518687;8,988;0,006;R
17,519301;8,99;0,006;R
17,519914;9,007;0,006;R
17,520528;8,992;0,006;R
17,521164;8,993;0,006;R
17,521789;8,995;0,006;R
17,522414;9,005;0,006;R
17,523039;8,997;0,006;R
17,523664;8,991;0,006;R
17,524289;9;0,006;R
17,524914;8,999;0,006;R
17,525528;9,003;0,006;R
17,526141;9,005;0,006;R
17,526766;9,001;0,006;R
17,527391;9,011;0,006;R
17,528016;9,005;0,006;R
17,528641;8,993;0,006;R
17,529255;9,001;0,006;R
17,529868;8,984;0,006;R
17,530481;8,998;0,006;R
17,531095;8,996;0,006;R
17,53172;9,009;0,006;R
17,532322;9,011;0,006;R
17,532947;9,015;0,006;R
17,533572;9,015;0,006;R
17,534197;9;0,006;R
17,534822;8,993;0,006;R
17,535447;9,004;0,006;R
17,536072;9,004;0,006;R
17,536685;8,993;0,006;R
17,537299;9,001;0,006;R
17,537935;9,003;0,006;R
17,53856;9,013;0,006;R
17,539185;9,003;0,006;R
17,53981;8,994;0,006;R
17,540435;9,019;0,006;R
17,54106;9,007;0,006;R
17,541685;9,002;0,006;R
17,542299;9,022;0,006;R
17,542924;9,006;0,006;R
17,543549;9,011;0,006;R
17,544174;9,022;0,006;R
17,544799;9,017;0,006;R
17,545424;9,014;0,006;R
17,546049;8,997;0,006;R
17,546674;9,024;0,006;R
17,547299;9,005;0,006;R
17,547924;9,013;0,006;R
17,54856;9,009;0,006;R
17,549197;9,011;0,006;R
17,549822;9,023;0,006;R
17,550447;9,022;0,005;R
17,551072;9,02;0,005;R
17,551697;9,011;0,005;R
17,552322;9,013;0,006;R
17,552935;9,026;0,005;R
17,55356;9,018;0,005;R
17,554185;9,027;0,005;R
17,55481;9,013;0,005;R
17,581523;9,042;0,006;R
17,58216;9,045;0,006;R
17,582773;9,037;0,006;R
17,58341;9,046;0,006;R
17,584058;9,039;0,006;R
17,584671;9,028;0,006;R
17,585308;9,031;0,006;R
17,585921;9,044;0,006;R
17,586558;9,056;0,006;R
17,587194;9,039;0,006;R
17,587831;9,049;0,006;R
17,588444;9,055;0,006;R
17,589081;9,042;0,006;R
17,589718;9,06;0,006;R
17,590343;9,028;0,006;R
17,590968;9,044;0,005;R
17,591604;9,034;0,006;R
17,592252;9,035;0,006;R
17,592877;9,046;0,006;R
17,593502;9,048;0,005;R
17,594127;9,047;0,006;R
17,594764;9,027;0,005;R
17,5954;9,041;0,006;R
17,596037;9,04;0,006;R
17,59665;9,035;0,006;R
17,597287;9,059;0,006;R
17,597924;9,046;0,006;R
17,59856;9,047;0,006;R
17,599197;9,045;0,006;R
17,599833;9,061;0,006;R
17,60047;9,037;0,006;R
17,601095;9,051;0,006;R
17,601731;9,064;0,006;R
17,602356;9,026;0,006;R
17,602993;9,047;0,006;R
17,603641;9,052;0,006;R
17,604266;9,046;0,006;R
17,604903;9,044;0,006;R
17,605539;9,047;0,006;R
17,606176;9,04;0,006;R
17,606812;9,061;0,006;R
17,607461;9,06;0,006;R
17,608086;9,044;0,006;R
17,608711;9,049;0,006;R
17,609336;9,044;0,006;R
17,609961;9,068;0,006;R
17,610597;9,074;0,006;R
17,611222;9,052;0,006;R
17,611847;9,051;0,006;R
17,612484;9,033;0,006;R
17,61312;9,062;0,006;R
17,613757;9,067;0,006;R
17,614405;9,047;0,006;R
17,61503;9,056;0,006;R
17,615655;9,04;0,006;R
17,61628;9,049;0,006;R
17,616905;9,042;0,006;R
17,61753;9,057;0,006;R
17,618155;9,047;0,006;R
17,618792;9,024;0,006;R
17,619428;9,037;0,006;R
17,620065;9,052;0,006;R
17,620713;9,061;0,006;R
17,621338;9,03;0,006;R
17,621963;9,056;0,006;R
17,622588;9,023;0,006;R
17,623236;9,039;0,006;R
17,623861;9,044;0,006;R
17,624509;9,03;0,006;R
17,625146;9,039;0,006;R
17,625782;9,049;0,006;R
17,626407;9,047;0,006;R
17,627044;9,048;0,006;R
17,627681;9,062;0,006;R
17,628329;9,047;0,006;R
17,628965;9,03;0,006;R
17,629602;9,04;0,006;R
17,63025;9,037;0,006;R
17,630875;9,038;0,006;R
17,631523;9,051;0,006;R
17,63216;9,025;0,006;R
17,632796;9,046;0,006;R
17,633433;9,033;0,006;R
17,634058;9,056;0,006;R
17,634706;9,058;0,006;R
17,635343;9,055;0,006;R
17,635979;9,029;0,006;R
17,636627;9,036;0,006;R
17,637252;9,049;0,006;R
17,6379;9,052;0,006;R
17,638537;9,04;0,006;R
17,639185;9,05;0,006;R
17,639822;9,036;0,006;R
17,64047;9,033;0,006;R
17,641106;9,052;0,006;R
17,641743;9,029;0,006;R
17,642391;9,05;0,006;R
17,643028;9,041;0,006;R
17,643676;9,023;0,006;R
17,644312;9,014;0,006;R
17,644961;9,038;0,006;R
17,645609;9,032;0,006;R
17,646257;9,041;0,006;R
17,646917;9,043;0,006;R
17,647565;9,04;0,006;R
17,648201;9,035;0,006;R
17,648838;9,034;0,006;R
17,649474;9,048;0,006;R
17,650123;9,062;0,006;R
17,650759;9,059;0,006;R
17,651407;9,034;0,006;R
17,652044;9,043;0,006;R
17,652692;9,054;0,006;R
17,65334;9,048;0,006;R
17,653988;9,046;0,006;R
17,654625;9,053;0,006;R
17,655273;9,056;0,006;R
17,65591;9,043;0,006;R
17,656569;9,035;0,006;R
17,657218;9,033;0,006;R
17,657866;9,063;0,006;R
17,658502;9,048;0,006;R
17,659139;9,052;0,006;R
17,659775;9,048;0,006;R
17,660412;9,031;0,006;R
17,661049;9,04;0,006;R
17,661697;9,037;0,006;R
17,662333;9,06;0,006;R
17,66297;9,044;0,006;R
17,663606;9,044;0,006;R
17,664243;9,033;0,006;R
17,664891;9,066;0,006;R
17,665539;9,027;0,006;R
17,666187;9,051;0,006;R
17,666847;9,041;0,006;R
17,667495;9,053;0,006;R
17,668132;9,041;0,006;R
17,66878;9,06;0,006;R
17,66944;9,048;0,006;R
17,670088;9,06;0,006;R
17,670724;9,037;0,006;R
17,671373;9,028;0,006;R
17,672032;9,071;0,006;R
17,672669;9,056;0,006;R
17,673306;9,046;0,006;R
17,673942;9,029;0,006;R
17,674579;9,047;0,006;R
17,675227;9,04;0,006;R
17,675887;9,052;0,006;R
17,676523;9,034;0,006;R
17,67716;9,032;0,006;R
17,677819;9,052;0,006;R
17,678456;9,057;0,006;R
17,679116;9,047;0,006;R
17,679764;9,042;0,006;R
17,6804;9,049;0,006;R
17,681049;9,051;0,006;R
17,681708;9,064;0,006;R
17,682345;9,085;0,006;R
17,683005;9,062;0,006;R
17,683653;9,04;0,006;R
17,684301;9,051;0,006;R
17,684949;9,073;0,006;R
17,685597;9,073;0,006;R
17,686257;9,088;0,006;R
17,686905;9,041;0,006;R
17,687553;9,06;0,006;R
17,688201;9,06;0,006;R
17,688861;9,062;0,006;R
17,689509;9,069;0,006;R
17,690169;9,074;0,006;R
17,82418;8,667;0,008;R
17,82809;8,609;0,005;R
17,83196;8,692;0,001;R
17,84164;8,711;0,001;R
17,84745;8,686;0,001;R
17,8494;8,692;0,001;R
17,85136;8,689;0,002;R
18,501535;9,084;0,006;R
18,502148;9,093;0,006;R
18,502773;9,062;0,006;R
18,503398;9,097;0,006;R
18,504023;9,088;0,006;R
18,504648;9,113;0,006;R
18,505262;9,073;0,006;R
18,505875;9,093;0,006;R
18,5065;9,09;0,006;R
18,507125;9,101;0,006;R
18,50775;9,106;0,006;R
18,508375;9,089;0,006;R
18,509012;9,095;0,006;R
18,509637;9,111;0,006;R
18,510262;9,097;0,006;R
18,510887;9,094;0,006;R
18,511512;9,105;0,006;R
18,512137;9,083;0,006;R
18,512762;9,083;0,006;R
18,513387;9,092;0,006;R
18,514012;9,086;0,006;R
18,514613;9,08;0,006;R
18,51525;9,083;0,006;R
18,515863;9,095;0,006;R
18,5165;9,096;0,006;R
18,517102;9,092;0,006;R
18,517715;9,096;0,006;R
18,51834;9,081;0,006;R
18,518965;9,072;0,006;R
18,51959;9,069;0,006;R
18,520215;9,082;0,006;R
18,52084;9,099;0,006;R
18,521465;9,075;0,006;R
18,52209;9,081;0,006;R
18,522715;9,085;0,006;R
18,52334;9,085;0,006;R
18,523965;9,091;0,006;R
18,524579;9,077;0,006;R
18,525204;9,083;0,006;R
18,525817;9,076;0,006;R
18,526431;9,071;0,006;R
18,527044;9,07;0,006;R
18,527657;9,066;0,006;R
18,528271;9,062;0,006;R
18,528896;9,059;0,006;R
18,529521;9,056;0,006;R
18,530146;9,075;0,006;R
18,530771;9,084;0,006;R
18,531396;9,062;0,006;R
18,532021;9,065;0,006;R
18,532646;9,063;0,006;R
18,533271;9,077;0,006;R
18,533896;9,056;0,006;R
18,534532;9,06;0,006;R
18,535157;9,077;0,006;R
18,535782;9,069;0,006;R
18,536396;9,066;0,006;R
18,537021;9,064;0,006;R
18,537646;9,062;0,006;R
18,538271;9,068;0,005;R
18,538896;9,06;0,006;R
18,539521;9,065;0,006;R
18,540146;9,074;0,006;R
18,540759;9,077;0,005;R
18,541384;9,063;0,005;R
18,542009;9,061;0,006;R
18,542634;9,069;0,006;R
18,543259;9,077;0,006;R
18,543884;9,068;0,006;R
18,544498;9,053;0,006;R
18,545123;9,056;0,006;R
18,545736;9,064;0,006;R
18,546349;9,059;0,006;R
18,546963;9,05;0,006;R
18,547588;9,067;0,005;R
18,548213;9,075;0,006;R
18,548838;9,065;0,006;R
18,549463;9,065;0,005;R
18,550088;9,056;0,005;R
18,550713;9,065;0,005;R
18,551338;9,056;0,006;R
18,551974;9,051;0,006;R
18,567414;9,04;0,006;R
18,568051;9,052;0,006;R
18,568699;9,048;0,006;R
18,569336;9,049;0,006;R
18,569972;9,058;0,006;R
18,570609;9,05;0,006;R
18,571245;9,052;0,006;R
18,571882;9,054;0,006;R
18,572495;9,058;0,006;R
18,573132;9,047;0,006;R
18,573757;9,05;0,006;R
18,574405;9,049;0,006;R
18,575018;9,054;0,006;R
18,575643;9,035;0,006;R
18,576292;9,047;0,006;R
18,576928;9,04;0,006;R
18,577565;9,044;0,006;R
18,578734;9,059;0,006;R
18,579359;9,067;0,006;R
18,579995;9,061;0,006;R
18,580632;9,052;0,006;R
18,581245;9,054;0,006;R
18,581882;9,068;0,006;R
18,582495;9,053;0,006;R
18,583132;9,059;0,006;R
18,583745;9,062;0,006;R
18,584382;9,064;0,006;R
18,585007;9,045;0,006;R
18,585643;9,056;0,006;R
18,58628;9,052;0,006;R
18,586893;9,058;0,006;R
18,58753;9,036;0,006;R
18,588167;9,05;0,006;R
18,588792;9,058;0,006;R
18,589417;9,054;0,006;R
18,590053;9,047;0,006;R
18,59069;9,048;0,006;R
18,591326;9,054;0,006;R
18,591951;9,059;0,006;R
18,592576;9,037;0,006;R
18,593213;9,059;0,006;R
18,593838;9,053;0,005;R
18,594451;9,051;0,005;R
18,595088;9,043;0,005;R
18,595724;9,049;0,006;R
18,596349;9,045;0,006;R
18,596974;9,045;0,006;R
18,597599;9,044;0,006;R
18,598236;9,051;0,006;R
18,598873;9,048;0,006;R
18,599509;9,052;0,006;R
18,600146;9,042;0,006;R
18,600782;9,037;0,006;R
18,601407;9,046;0,006;R
18,602021;9,03;0,006;R
18,602657;9,033;0,005;R
18,603294;9,029;0,006;R
18,603931;9,031;0,006;R
18,604567;9,048;0,006;R
18,605204;9,056;0,006;R
18,60584;9,049;0,006;R
18,606477;9,035;0,006;R
18,607113;9,04;0,006;R
18,60775;9,034;0,006;R
18,608387;9,034;0,006;R
18,609035;9,035;0,006;R
18,60966;9,04;0,006;R
18,610296;9,065;0,006;R
18,610921;9,046;0,006;R
18,611558;9,052;0,006;R
18,612183;9,046;0,006;R
18,612808;9,038;0,006;R
18,613433;9,033;0,006;R
18,614069;9,028;0,006;R
18,614706;9,037;0,006;R
18,615354;9,038;0,005;R
18,615979;9,041;0,006;R
18,616604;9,037;0,006;R
18,617241;9,037;0,006;R
18,617877;9,022;0,006;R
18,618525;9,036;0,006;R
18,619162;9,034;0,006;R
18,619799;9,024;0,006;R
18,620435;9,03;0,006;R
18,62106;9,038;0,006;R
18,621685;9,038;0,006;R
18,62231;9,038;0,006;R
18,622947;9,043;0,006;R
18,623583;9,026;0,006;R
18,624231;9,014;0,006;R
18,624868;9,026;0,006;R
18,625493;9,002;0,006;R
18,626141;9,027;0,006;R
18,626778;9,023;0,006;R
18,627414;9,019;0,006;R
18,628062;9,007;0,006;R
18,628687;9,029;0,006;R
18,629336;9,004;0,006;R
18,629972;9,008;0,006;R
18,63062;9,017;0,006;R
18,631257;9,024;0,006;R
18,631882;9,014;0,006;R
18,63253;9,012;0,006;R
18,633167;9,024;0,006;R
18,633792;9,018;0,006;R
18,63444;9,024;0,006;R
18,635065;8,995;0,006;R
18,635713;9,022;0,006;R
18,636338;9,014;0,006;R
18,636986;9,018;0,006;R
18,637611;9,018;0,006;R
18,638259;9,006;0,006;R
18,638884;9,02;0,006;R
18,639532;8,994;0,006;R
18,640169;8,996;0,006;R
18,640817;9,007;0,006;R
18,641465;8,978;0,006;R
18,642102;9;0,006;R
18,64275;9,002;0,006;R
18,643398;8,998;0,006;R
18,644035;9,013;0,006;R
18,644683;8,996;0,006;R
18,645319;9,007;0,006;R
18,645968;8,986;0,006;R
18,646593;9,001;0,006;R
18,647241;9,012;0,006;R
18,647889;9;0,006;R
18,648514;8,976;0,006;R
18,649162;9,028;0,006;R
18,649799;9,004;0,006;R
18,650435;9,001;0,006;R
18,651083;9,003;0,006;R
18,65172;9,001;0,006;R
18,652345;9,003;0,006;R
18,652993;8,98;0,006;R
18,653641;9,004;0,006;R
18,654289;9,011;0,006;R
18,654937;8,993;0,006;R
18,655574;8,996;0,006;R
18,656211;8,988;0,006;R
18,656847;8,994;0,006;R
18,657484;9,005;0,006;R
18,65812;8,997;0,006;R
18,658768;8,979;0,006;R
18,659405;8,998;0,006;R
18,660053;8,994;0,006;R
18,66069;9,005;0,006;R
18,661349;8,996;0,006;R
18,661986;8,989;0,006;R
18,662634;8,992;0,006;R
18,663294;8,988;0,006;R
18,663931;8,992;0,006;R
18,664579;8,996;0,006;R
18,665238;8,983;0,006;R
18,665887;8,988;0,006;R
18,666523;8,997;0,006;R
18,66716;8,99;0,006;R
18,667808;8,985;0,006;R
18,668444;8,987;0,006;R
18,669093;8,987;0,006;R
18,669741;9,005;0,006;R
18,6704;8,998;0,006;R
18,671037;8,988;0,006;R
18,671674;8,975;0,006;R
18,672322;8,98;0,006;R
18,67297;8,984;0,006;R
18,67363;8,987;0,006;R
18,674266;8,973;0,006;R
18,674914;8,979;0,006;R
18,675574;8,976;0,006;R
18,676211;8,967;0,006;R
18,676847;8,984;0,006;R
18,677507;8,993;0,006;R
18,678143;8,958;0,006;R
18,678792;8,983;0,006;R
18,679451;8,96;0,006;R
18,680088;8,964;0,006;R
18,680736;8,967;0,006;R
18,681396;8,993;0,006;R
18,682032;8,975;0,006;R
18,682681;8,98;0,006;R
18,68334;8,982;0,006;R
18,683977;8,981;0,006;R
18,684637;8,976;0,006;R
18,685273;8,968;0,006;R
18,685933;8,979;0,006;R
18,686569;8,961;0,006;R
18,687218;8,957;0,006;R
18,687877;8,973;0,006;R
18,688525;8,972;0,006;R
18,689174;8,98;0,006;R
18,689822;8,965;0,006;R
18,690481;8,969;0,006;R
18,83184;8,617;0,001;R
18,8338;8,615;0,001;R
18,83575;8,618;0,001;R
18,83771;8,622;0,001;R
18,83969;8,62;0,001;R
18,84166;8,613;0,001;R
18,84365;8,602;0,001;R
18,84561;8,617;0,001;R
18,84758;8,609;0,001;R
18,84955;8,601;0,001;R
18,85152;8,62;0,001;R
18,85348;8,614;0,001;R
18,85544;8,599;0,001;R
18,85741;8,609;0,001;R
18,85941;8,608;0,001;R
18,86139;8,63;0,001;R
18,86338;8,597;0,001;R
18,86805;8,604;0,001;R
19,498711;9,108;0,006;R
19,499336;9,106;0,006;R
19,499961;9,095;0,006;R
19,500586;9,104;0,006;R
19,501211;9,093;0,006;R
19,501836;9,109;0,006;R
19,502461;9,108;0,006;R
19,503086;9,106;0,006;R
19,503711;9,113;0,006;R
19,504336;9,114;0,006;R
19,504961;9,092;0,006;R
19,505586;9,098;0,006;R
19,506211;9,101;0,006;R
19,506824;9,092;0,006;R
19,507449;9,11;0,006;R
19,508074;9,118;0,006;R
19,508699;9,105;0,006;R
19,509312;9,102;0,006;R
19,509937;9,108;0,006;R
19,510562;9,112;0,006;R
19,511187;9,093;0,006;R
19,511812;9,114;0,006;R
19,512437;9,131;0,006;R
19,513062;9,098;0,006;R
19,513676;9,111;0,006;R
19,514301;9,093;0,006;R
19,514926;9,098;0,006;R
19,515562;9,127;0,006;R
19,516164;9,102;0,005;R
19,516778;9,126;0,006;R
19,517403;9,106;0,006;R
19,518016;9,107;0,006;R
19,51863;9,099;0,005;R
19,519255;9,138;0,005;R
19,519868;9,09;0,005;R
19,520493;9,123;0,005;R
19,521118;9,104;0,006;R
19,521743;9,102;0,005;R
19,522368;9,099;0,005;R
19,522993;9,125;0,005;R
19,523618;9,127;0,005;R
19,524243;9,119;0,005;R
19,524868;9,094;0,005;R
19,525493;9,114;0,005;R
19,526118;9,12;0,005;R
19,526743;9,122;0,005;R
19,52738;9,114;0,005;R
19,527993;9,106;0,005;R
19,528618;9,113;0,005;R
19,529243;9,11;0,005;R
19,529868;9,116;0,005;R
19,530493;9,11;0,005;R
19,531118;9,106;0,005;R
19,531731;9,096;0,005;R
19,532356;9,13;0,005;R
19,532981;9,112;0,005;R
19,533606;9,108;0,005;R
19,534231;9,13;0,005;R
19,534856;9,111;0,005;R
19,535481;9,131;0,005;R
19,536106;9,096;0,005;R
19,536708;9,101;0,005;R
19,537333;9,114;0,005;R
19,537981;9,105;0,005;R
19,53863;9,103;0,005;R
19,539278;9,11;0,005;R
19,539903;9,119;0,005;R
19,540528;9,104;0,005;R
19,541164;9,098;0,005;R
19,541801;9,104;0,005;R
19,542437;9,114;0,005;R
19,543074;9,106;0,005;R
19,543711;9,1;0,005;R
19,544347;9,089;0,005;R
19,544995;9,11;0,005;R
19,54562;9,111;0,005;R
19,546245;9,117;0,005;R
19,546882;9,121;0,005;R
19,547518;9,135;0,005;R
19,548167;9,126;0,005;R
19,548803;9,102;0,005;R
19,54944;9,099;0,005;R
19,575944;9,134;0,005;R
19,576581;9,124;0,005;R
19,577206;9,139;0,005;R
19,577843;9,124;0,005;R
19,578479;9,136;0,005;R
19,579093;9,139;0,005;R
19,579729;9,129;0,005;R
19,580343;9,122;0,005;R
19,580979;9,133;0,005;R
19,581627;9,139;0,005;R
19,582241;9,126;0,005;R
19,582877;9,129;0,005;R
19,583514;9,141;0,005;R
19,584139;9,131;0,005;R
19,584764;9,142;0,005;R
19,5854;9,132;0,005;R
19,586037;9,144;0,005;R
19,586662;9,145;0,005;R
19,587299;9,147;0,005;R
19,587935;9,141;0,005;R
19,58856;9,133;0,005;R
19,589197;9,126;0,005;R
19,589833;9,125;0,005;R
19,590447;9,139;0,005;R
19,591083;9,127;0,005;R
19,59172;9,135;0,005;R
19,592356;9,139;0,005;R
19,59297;9,146;0,005;R
19,593606;9,146;0,005;R
19,594243;9,148;0,005;R
19,59488;9,133;0,005;R
19,595528;9,14;0,005;R
19,596164;9,139;0,005;R
19,596789;9,142;0,005;R
19,597414;9,125;0,005;R
19,598051;9,135;0,005;R
19,598687;9,15;0,005;R
19,599336;9,144;0,005;R
19,599972;9,138;0,005;R
19,600597;9,137;0,005;R
19,601211;9,132;0,005;R
19,601847;9,133;0,005;R
19,602484;9,141;0,005;R
19,60312;9,134;0,005;R
19,603757;9,135;0,005;R
19,604393;9,143;0,005;R
19,60503;9,141;0,005;R
19,605667;9,146;0,005;R
19,606303;9,137;0,005;R
19,60694;9,133;0,005;R
19,607576;9,134;0,005;R
19,608201;9,145;0,005;R
19,608826;9,141;0,005;R
19,609463;9,137;0,005;R
19,610099;9,136;0,005;R
19,610736;9,131;0,005;R
19,611384;9,124;0,005;R
19,612009;9,122;0,005;R
19,612634;9,127;0,005;R
19,613271;9,135;0,005;R
19,613907;9,131;0,005;R
19,614544;9,124;0,005;R
19,615192;9,119;0,005;R
19,615817;9,116;0,005;R
19,616442;9,119;0,005;R
19,617079;9,116;0,005;R
19,617715;9,127;0,005;R
19,618363;9,126;0,005;R
19,618988;9,121;0,005;R
19,619613;9,129;0,005;R
19,62025;9,106;0,005;R
19,620887;9,129;0,005;R
19,621535;9,122;0,005;R
19,62216;9,108;0,005;R
19,622796;9,113;0,005;R
19,623433;9,136;0,005;R
19,624081;9,108;0,005;R
19,624718;9,103;0,005;R
19,625366;9,124;0,005;R
19,626002;9,124;0,005;R
19,626627;9,113;0,005;R
19,627275;9,113;0,005;R
19,627912;9,106;0,005;R
19,628549;9,117;0,005;R
19,629185;9,114;0,005;R
19,629833;9,124;0,005;R
19,630458;9,111;0,006;R
19,631095;9,123;0,005;R
19,631731;9,122;0,005;R
19,632368;9,113;0,005;R
19,633005;9,116;0,005;R
19,633641;9,122;0,006;R
19,634278;9,121;0,005;R
19,634914;9,117;0,005;R
19,635551;9,128;0,006;R
19,636187;9,117;0,006;R
19,636824;9,106;0,006;R
19,637461;9,128;0,006;R
19,638109;9,121;0,006;R
19,638745;9,113;0,006;R
19,639382;9,121;0,005;R
19,64003;9,126;0,006;R
19,640667;9,133;0,006;R
19,641303;9,129;0,006;R
19,64194;9,119;0,006;R
19,642576;9,131;0,006;R
19,643224;9,124;0,006;R
19,643861;9,126;0,006;R
19,644498;9,124;0,006;R
19,645146;9,119;0,006;R
19,645782;9,125;0,006;R
19,646419;9,122;0,006;R
19,647067;9,109;0,006;R
19,647727;9,106;0,006;R
19,648363;9,1;0,006;R
19,649;9,125;0,006;R
19,649648;9,133;0,006;R
19,650296;9,123;0,006;R
19,650921;9,127;0,006;R
19,651558;9,135;0,006;R
19,652206;9,106;0,006;R
19,652854;9,111;0,006;R
19,653502;9,104;0,006;R
19,654127;9,101;0,006;R
19,654764;9,111;0,006;R
19,655412;9,121;0,006;R
19,65606;9,117;0,006;R
19,656708;9,13;0,006;R
19,657356;9,115;0,006;R
19,658005;9,11;0,006;R
19,658653;9,109;0,006;R
19,659301;9,125;0,006;R
19,659949;9,116;0,006;R
19,660597;9,124;0,006;R
19,661245;9,116;0,006;R
19,661893;9,114;0,006;R
19,662542;9,118;0,006;R
19,66319;9,107;0,006;R
19,663838;9,108;0,006;R
19,664486;9,126;0,006;R
19,665123;9,131;0,006;R
19,665759;9,114;0,006;R
19,666407;9,126;0,006;R
19,667044;9,101;0,006;R
19,667681;9,1;0,006;R
19,668329;9,123;0,006;R
19,668977;9,111;0,006;R
19,669637;9,104;0,006;R
19,670296;9,127;0,006;R
19,670933;9,103;0,006;R
19,671569;9,112;0,006;R
19,672218;9,13;0,006;R
19,672866;9,124;0,006;R
19,673525;9,124;0,006;R
19,674185;9,096;0,006;R
19,674822;9,105;0,006;R
19,67547;9,119;0,006;R
19,676118;9,132;0,006;R
19,676766;9,111;0,006;R
19,677426;9,108;0,006;R
19,678074;9,125;0,006;R
19,678734;9,108;0,006;R
19,679382;9,107;0,006;R
19,68003;9,108;0,006;R
19,68069;9,106;0,006;R
19,681326;9,108;0,006;R
19,681974;9,118;0,006;R
19,682634;9,108;0,006;R
19,683271;9,113;0,006;R
19,683919;9,11;0,006;R
19,684579;9,123;0,006;R
19,685227;9,108;0,006;R
19,685887;9,115;0,006;R
19,686523;9,109;0,006;R
19,687171;9,125;0,006;R
19,687831;9,126;0,006;R
19,688479;9,108;0,006;R
19,689139;9,117;0,006;R
19,689799;9,107;0,006;R
19,690447;9,114;0,006;R
19,79717;8,747;0,003;R
19,79717;8,748;0,002;R
19,79747;8,752;0,003;R
19,79777;8,742;0,003;R
19,79807;8,767;0,002;R
19,79807;8,765;0,003;R
19,79838;8,77;0,003;R
19,79868;8,757;0,002;R
19,79868;8,756;0,003;R
19,79897;8,753;0,002;R
19,79897;8,752;0,003;R
19,79928;8,756;0,003;R
19,79958;8,75;0,002;R
19,79958;8,749;0,003;R
19,79989;8,763;0,002;R
19,79989;8,762;0,003;R
20,495956;8,98;0,006;R
20,496581;8,981;0,006;R
20,497206;8,979;0,005;R
20,497831;8,978;0,005;R
20,498456;8,973;0,005;R
20,499081;8,987;0,005;R
20,499706;8,985;0,005;R
20,500331;8,98;0,006;R
20,500968;8,971;0,006;R
20,501581;8,983;0,005;R
20,502194;8,971;0,005;R
20,502808;8,981;0,005;R
20,503433;8,978;0,005;R
20,504058;8,987;0,005;R
20,504671;8,982;0,005;R
20,505285;8,98;0,005;R
20,505898;8,979;0,005;R
20,506512;8,955;0,005;R
20,507125;8,979;0,005;R
20,50775;8,978;0,005;R
20,508375;8,971;0,005;R
20,509;8,955;0,005;R
20,509625;8,978;0,005;R
20,51025;8,971;0,005;R
20,510875;8,995;0,005;R
20,5115;8,974;0,005;R
20,512125;8,98;0,005;R
20,512762;8,975;0,005;R
20,513387;8,965;0,005;R
20,514;8,975;0,005;R
20,514625;8,973;0,005;R
20,51525;8,974;0,005;R
20,515875;8,957;0,005;R
20,516488;8,956;0,005;R
20,517102;8,956;0,005;R
20,517715;8,978;0,005;R
20,51834;8,968;0,005;R
20,518977;8,978;0,005;R
20,519602;8,959;0,005;R
20,520227;8,966;0,005;R
20,520852;8,973;0,005;R
20,521465;8,971;0,005;R
20,52209;8,97;0,005;R
20,522704;8,979;0,005;R
20,523329;8,966;0,005;R
20,523954;8,969;0,005;R
20,52459;8,989;0,005;R
20,525215;8,958;0,005;R
20,525829;8,973;0,005;R
20,526442;8,961;0,005;R
20,527067;8,972;0,005;R
20,527681;8,98;0,005;R
20,528306;8,964;0,005;R
20,528931;8,987;0,005;R
20,529567;8,961;0,005;R
20,530192;8,976;0,005;R
20,530806;8,967;0,005;R
20,531419;8,979;0,005;R
20,532032;8,97;0,005;R
20,532657;8,97;0,005;R
20,533282;8,976;0,005;R
20,533919;8,965;0,005;R
20,534544;8,983;0,005;R
20,535157;8,977;0,005;R
20,535782;8,976;0,005;R
20,536419;8,973;0,005;R
20,537044;8,963;0,005;R
20,537657;8,97;0,005;R
20,538294;8,986;0,005;R
20,538919;8,97;0,005;R
20,539532;8,966;0,005;R
20,540157;8,969;0,005;R
20,540794;8,976;0,005;R
20,541419;8,97;0,005;R
20,542044;8,984;0,005;R
20,542657;8,966;0,005;R
20,543294;8,961;0,005;R
20,543919;8,973;0,005;R
20,544532;8,961;0,005;R
20,545169;8,961;0,005;R
20,545794;8,96;0,005;R
20,546407;8,956;0,005;R
20,547044;8,978;0,005;R
20,573155;8,987;0,005;R
20,57378;8,99;0,005;R
20,574405;8,99;0,005;R
20,57503;8,985;0,005;R
20,575655;8,977;0,005;R
20,57628;8,987;0,005;R
20,576917;8,972;0,005;R
20,577542;8,981;0,005;R
20,578178;8,983;0,005;R
20,578803;8,995;0,005;R
20,579428;8,994;0,005;R
20,580053;9,003;0,005;R
20,580678;8,989;0,005;R
20,581315;8,98;0,005;R
20,58194;8,987;0,005;R
20,582576;8,993;0,005;R
20,583213;8,999;0,005;R
20,583838;8,976;0,005;R
20,584474;8,986;0,005;R
20,585099;8,974;0,005;R
20,585724;8,993;0,005;R
20,586361;8,997;0,005;R
20,586986;8,971;0,005;R
20,587623;8,97;0,005;R
20,588259;8,979;0,005;R
20,588884;8,973;0,005;R
20,589509;8,977;0,005;R
20,590146;8,984;0,005;R
20,590771;9,002;0,005;R
20,591396;8,992;0,005;R
20,592032;8,978;0,005;R
20,592669;8,977;0,005;R
20,593282;8,993;0,005;R
20,593919;8,993;0,005;R
20,594567;8,986;0,005;R
20,595204;8,995;0,005;R
20,59584;8,994;0,005;R
20,596477;8,991;0,005;R
20,597113;8,984;0,005;R
20,59775;8,988;0,005;R
20,598398;8,972;0,005;R
20,599035;8,994;0,005;R
20,599671;8,986;0,005;R
20,600308;8,991;0,005;R
20,600933;8,984;0,005;R
20,601569;8,976;0,005;R
20,602206;8,982;0,005;R
20,602831;8,983;0,005;R
20,603468;8,995;0,005;R
20,604104;8,981;0,005;R
20,604741;8,985;0,005;R
20,605389;8,978;0,005;R
20,606014;8,989;0,005;R
20,606674;8,984;0,005;R
20,60731;8,993;0,005;R
20,607958;9,008;0,005;R
20,608583;8,982;0,005;R
20,609231;9,001;0,005;R
20,609868;8,978;0,005;R
20,610516;8,969;0,005;R
20,611153;8,993;0,005;R
20,611801;8,977;0,005;R
20,612426;8,994;0,005;R
20,613074;8,981;0,005;R
20,613711;8,98;0,005;R
20,614359;8,978;0,005;R
20,614995;8,966;0,005;R
20,615643;8,973;0,005;R
20,616292;8,972;0,005;R
20,616928;8,96;0,005;R
20,617576;8,989;0,005;R
20,618213;8,967;0,005;R
20,618861;8,974;0,005;R
20,619509;8,977;0,005;R
20,620146;8,961;0,005;R
20,620794;8,963;0,005;R
20,621442;8,973;0,005;R
20,622079;8,941;0,005;R
20,622727;8,982;0,005;R
20,623363;8,968;0,005;R
20,624;8,966;0,005;R
20,624648;8,953;0,005;R
20,625285;8,974;0,005;R
20,625933;8,958;0,005;R
20,626569;8,971;0,005;R
20,627218;8,967;0,005;R
20,627866;8,941;0,005;R
20,628514;8,956;0,005;R
20,629162;8,963;0,005;R
20,629799;8,968;0,005;R
20,630435;8,964;0,005;R
20,631072;8,95;0,005;R
20,63172;8,965;0,005;R
20,632368;8,954;0,005;R
20,633016;8,957;0,005;R
20,633664;8,95;0,005;R
20,634312;8,967;0,005;R
20,634961;8,966;0,005;R
20,635597;8,957;0,005;R
20,636234;8,966;0,005;R
20,63687;8,948;0,005;R
20,637507;8,955;0,005;R
20,638143;8,96;0,005;R
20,63878;8,962;0,005;R
20,639417;8,965;0,005;R
20,640053;8,948;0,005;R
20,64069;8,963;0,005;R
20,641326;8,97;0,005;R
20,641963;8,954;0,005;R
20,642611;8,946;0,005;R
20,643271;8,963;0,005;R
20,643919;8,964;0,005;R
20,644567;8,951;0,005;R
20,645215;8,941;0,006;R
20,645875;8,951;0,005;R
20,646523;8,944;0,005;R
20,647171;8,955;0,005;R
20,647819;8,952;0,005;R
20,648456;8,943;0,005;R
20,649093;8,972;0,005;R
20,649729;8,954;0,005;R
20,650366;8,942;0,006;R
20,651002;8,958;0,006;R
20,651662;8,955;0,005;R
20,65231;8,946;0,005;R
20,652958;8,94;0,006;R
20,653606;8,951;0,005;R
20,654243;8,97;0,005;R
20,654903;8,952;0,005;R
20,655551;8,945;0,006;R
20,656199;8,943;0,006;R
20,656836;8,949;0,006;R
20,657484;8,951;0,006;R
20,658132;8,941;0,006;R
20,65878;8,942;0,006;R
20,659428;8,962;0,006;R
20,660076;8,964;0,006;R
20,660724;8,937;0,006;R
20,661361;8,957;0,006;R
20,662021;8,947;0,006;R
20,662669;8,959;0,006;R
20,663317;8,952;0,006;R
20,663965;8,961;0,006;R
20,664602;8,948;0,006;R
20,665262;8,945;0,006;R
20,66591;8,936;0,006;R
20,666569;8,947;0,006;R
20,667218;8,944;0,006;R
20,667877;8,945;0,006;R
20,668525;8,938;0,006;R
20,669174;8,929;0,006;R
20,669822;8,949;0,006;R
20,67047;8,957;0,006;R
20,67113;8,948;0,006;R
20,671766;8,935;0,006;R
20,672437;8,935;0,006;R
20,673097;8,925;0,006;R
20,673757;8,942;0,006;R
20,674405;8,931;0,006;R
20,675065;8,942;0,006;R
20,675701;8,961;0,006;R
20,676361;8,933;0,006;R
20,677009;8,924;0,006;R
20,677657;8,94;0,006;R
20,678306;8,943;0,006;R
20,678965;8,933;0,006;R
20,679613;8,952;0,006;R
20,680262;8,93;0,006;R
20,680921;8,925;0,006;R
20,681581;8,944;0,006;R
20,682241;8,938;0,006;R
20,6829;8,955;0,006;R
20,683549;8,92;0,006;R
20,684197;8,93;0,006;R
20,684856;8,948;0,006;R
20,685516;8,94;0,006;R
20,686176;8,972;0,006;R
20,686836;8,94;0,006;R
20,687484;8,974;0,006;R
20,688132;8,968;0,006;R
20,68878;8,924;0,006;R
20,689428;8,96;0,006;R
20,690088;8,958;0,006;R
20,690736;8,962;0,006;R
20,788695;8,658;0,003;R
20,789702;8,664;0,003;R
20,797708;8,664;0,002;R
20,798722;8,661;0,002;R
20,806604;8,697;0,002;R
20,807614;8,697;0,002;R
20,815639;8,686;0,002;R
20,816634;8,695;0,002;R
20,824561;8,745;0,002;R
20,825571;8,711;0,002;R
20,833555;8,73;0,002;R
20,834572;8,718;0,002;R
20,843178;8,788;0,002;R
20,844186;8,773;0,002;R
20,852143;8,869;0,002;R
20,853156;8,789;0,002;R
20,861092;8,866;0,002;R
20,862103;8,814;0,002;R
20,870084;8,87;0,002;R
20,871094;8,891;0,002;R
20,87905;8,769;0,002;R
20,880053;8,829;0,002;R
20,888081;8,742;0,002;R
20,889101;8,735;0,002;R
21,493178;9,04;0,006;R
21,493803;9,022;0,006;R
21,494405;9,046;0,005;R
21,49503;9,044;0,006;R
21,495655;9,047;0,006;R
21,49628;9,035;0,006;R
21,496905;9,033;0,006;R
21,49753;9,035;0,006;R
21,498155;9,02;0,006;R
21,49878;9,043;0,006;R
21,499405;9,023;0,005;R
21,50003;9,052;0,005;R
21,500655;9,031;0,005;R
21,50128;9,064;0,005;R
21,501882;9,038;0,005;R
21,502495;9,026;0,005;R
21,50312;9,054;0,005;R
21,503745;9,043;0,005;R
21,50437;9,036;0,005;R
21,504995;9,033;0,006;R
21,50562;9,03;0,005;R
21,506245;9,034;0,005;R
21,50687;9,037;0,005;R
21,507495;9,05;0,005;R
21,50812;9,048;0,005;R
21,508745;9,039;0,005;R
21,50937;9,043;0,005;R
21,509995;9,028;0,005;R
21,51062;9,026;0,005;R
21,511245;9,023;0,005;R
21,51187;9,04;0,005;R
21,512495;9,027;0,005;R
21,51312;9,026;0,005;R
21,513745;9,062;0,005;R
21,51437;9,045;0,005;R
21,514995;9,029;0,005;R
21,51562;9,02;0,005;R
21,516245;9,041;0,005;R
21,51687;9,039;0,005;R
21,517495;9,024;0,005;R
21,51812;9,031;0,005;R
21,518745;9,042;0,005;R
21,51937;9,045;0,005;R
21,519995;9,048;0,005;R
21,52062;9,049;0,005;R
21,521245;9,026;0,005;R
21,521859;9,033;0,005;R
21,522484;9,04;0,005;R
21,523109;9,048;0,005;R
21,523734;9,039;0,005;R
21,524347;9,039;0,005;R
21,524972;9,042;0,005;R
21,525609;9,048;0,005;R
21,526234;9,041;0,005;R
21,526859;9,055;0,005;R
21,527484;9,04;0,005;R
21,528109;9,037;0,005;R
21,528734;9,053;0,005;R
21,529347;9,047;0,005;R
21,529961;9,045;0,005;R
21,530586;9,042;0,005;R
21,531211;9,052;0,005;R
21,531836;9,039;0,005;R
21,532461;9,026;0,005;R
21,533086;9,032;0,005;R
21,533699;9,037;0,005;R
21,534324;9,044;0,005;R
21,534949;9,047;0,005;R
21,535574;9,046;0,005;R
21,536199;9,047;0,005;R
21,536812;9,048;0,005;R
21,537437;9,053;0,005;R
21,538062;9,05;0,005;R
21,538687;9,067;0,005;R
21,539312;9,036;0,005;R
21,539926;9,045;0,005;R
21,540551;9,045;0,005;R
21,541176;9,039;0,005;R
21,541801;9,048;0,005;R
21,542426;9,049;0,005;R
21,543051;9,046;0,005;R
21,543676;9,047;0,005;R
21,544301;9,038;0,005;R
21,570389;9,069;0,005;R
21,571025;9,068;0,005;R
21,57165;9,083;0,005;R
21,572275;9,078;0,005;R
21,572912;9,065;0,005;R
21,573549;9,062;0,005;R
21,574174;9,07;0,005;R
21,574787;9,066;0,005;R
21,575424;9,081;0,005;R
21,576049;9,075;0,005;R
21,576674;9,068;0,005;R
21,577299;9,085;0,005;R
21,577935;9,067;0,005;R
21,578572;9,082;0,005;R
21,579208;9,074;0,005;R
21,579845;9,08;0,005;R
21,580481;9,091;0,005;R
21,581118;9,082;0,005;R
21,581755;9,067;0,005;R
21,582391;9,074;0,005;R
21,583028;9,084;0,005;R
21,583664;9,069;0,005;R
21,584301;9,086;0,005;R
21,584937;9,071;0,005;R
21,585574;9,085;0,005;R
21,586211;9,058;0,005;R
21,586847;9,064;0,005;R
21,587472;9,073;0,005;R
21,588097;9,074;0,005;R
21,588722;9,075;0,005;R
21,589347;9,09;0,005;R
21,590007;9,087;0,005;R
21,590643;9,097;0,005;R
21,59128;9,08;0,005;R
21,591917;9,096;0,005;R
21,592553;9,062;0,005;R
21,59319;9,082;0,005;R
21,593826;9,084;0,005;R
21,594463;9,094;0,005;R
21,595099;9,083;0,005;R
21,595736;9,103;0,005;R
21,596373;9,101;0,005;R
21,597009;9,1;0,005;R
21,597634;9,101;0,005;R
21,598271;9,061;0,005;R
21,598907;9,08;0,005;R
21,599544;9,109;0,005;R
21,600181;9,092;0,005;R
21,600829;9,078;0,005;R
21,601454;9,072;0,005;R
21,602079;9,094;0,005;R
21,602727;9,069;0,005;R
21,603363;9,082;0,005;R
21,604;9,083;0,005;R
21,604637;9,111;0,005;R
21,605285;9,09;0,005;R
21,605921;9,065;0,005;R
21,606569;9,087;0,005;R
21,607206;9,086;0,005;R
21,607854;9,077;0,005;R
21,608502;9,102;0,005;R
21,609139;9,072;0,005;R
21,609775;9,092;0,005;R
21,610412;9,089;0,005;R
21,611049;9,072;0,005;R
21,611697;9,096;0,005;R
21,612333;9,095;0,005;R
21,61297;9,091;0,005;R
21,613618;9,09;0,005;R
21,614266;9,084;0,005;R
21,614914;9,107;0,005;R
21,615551;9,115;0,005;R
21,616199;9,087;0,005;R
21,616836;9,098;0,005;R
21,617472;9,092;0,005;R
21,618109;9,093;0,005;R
21,618745;9,094;0,005;R
21,619393;9,094;0,005;R
21,620053;9,073;0,005;R
21,620678;9,117;0,005;R
21,621326;9,087;0,005;R
21,621951;9,09;0,005;R
21,622599;9,089;0,005;R
21,623236;9,072;0,005;R
21,623873;9,09;0,005;R
21,624521;9,082;0,005;R
21,625169;9,087;0,005;R
21,625794;9,08;0,005;R
21,626442;9,097;0,005;R
21,62709;9,102;0,005;R
21,627738;9,087;0,005;R
21,628363;9,097;0,005;R
21,629;9,099;0,005;R
21,629648;9,066;0,005;R
21,630296;9,101;0,005;R
21,630944;9,073;0,005;R
21,631581;9,088;0,005;R
21,632206;9,108;0,005;R
21,632854;9,076;0,005;R
21,633502;9,094;0,005;R
21,63415;9,113;0,006;R
21,634799;9,084;0,005;R
21,635447;9,08;0,006;R
21,636083;9,112;0,005;R
21,63672;9,071;0,005;R
21,637356;9,109;0,006;R
21,638005;9,086;0,006;R
21,638653;9,073;0,006;R
21,639301;9,077;0,006;R
21,639949;9,073;0,006;R
21,640597;9,094;0,006;R
21,641245;9,097;0,006;R
21,641893;9,093;0,006;R
21,642542;9,123;0,006;R
21,64319;9,105;0,006;R
21,643849;9,099;0,006;R
21,644509;9,087;0,006;R
21,645146;9,062;0,006;R
21,645782;9,093;0,006;R
21,646419;9,085;0,006;R
21,647067;9,086;0,006;R
21,647727;9,082;0,006;R
21,648387;9,1;0,006;R
21,649023;9,091;0,006;R
21,64966;9,107;0,006;R
21,650296;9,083;0,006;R
21,650944;9,099;0,006;R
21,651593;9,082;0,006;R
21,652241;9,074;0,006;R
21,652889;9,107;0,006;R
21,653537;9,097;0,006;R
21,654197;9,113;0,006;R
21,654833;9,11;0,006;R
21,65547;9,084;0,006;R
21,656118;9,116;0,006;R
21,656778;9,115;0,006;R
21,657414;9,105;0,006;R
21,658062;9,096;0,006;R
21,658722;9,106;0,006;R
21,659359;9,087;0,006;R
21,660007;9,095;0,006;R
21,660667;9,103;0,006;R
21,661303;9,097;0,006;R
21,661963;9,089;0,006;R
21,662611;9,093;0,006;R
21,663259;9,114;0,006;R
21,663919;9,084;0,006;R
21,664579;9,105;0,006;R
21,665227;9,102;0,006;R
21,665875;9,08;0,006;R
21,666535;9,127;0,006;R
21,667171;9,103;0,006;R
21,667819;9,088;0,006;R
21,668479;9,095;0,006;R
21,669127;9,084;0,006;R
21,669775;9,109;0,006;R
21,670435;9,078;0,006;R
21,671072;9,112;0,006;R
21,671731;9,088;0,006;R
21,672391;9,082;0,006;R
21,673028;9,084;0,006;R
21,673687;9,109;0,006;R
21,674347;9,107;0,006;R
21,675007;9,091;0,006;R
21,675643;9,09;0,006;R
21,676303;9,079;0,006;R
21,676963;9,13;0,006;R
21,677623;9,096;0,006;R
21,678282;9,147;0,006;R
21,678942;9,069;0,006;R
21,679579;9,107;0,006;R
21,680238;9,089;0,006;R
21,680898;9,109;0,006;R
21,681569;9,084;0,006;R
21,682229;9,083;0,006;R
21,682889;9,084;0,006;R
21,683537;9,106;0,006;R
21,684185;9,08;0,006;R
21,684833;9,092;0,006;R
21,685481;9,105;0,006;R
21,68613;9,094;0,006;R
21,686766;9,094;0,006;R
21,687426;9,1;0,006;R
21,688097;9,105;0,006;R
21,688757;9,084;0,006;R
21,689417;9,103;0,006;R
21,690088;9,089;0,006;R
21,690748;9,112;0,006;R
21,691396;9,097;0,006;R
21,81258;8,836;0,003;R
21,813567;8,839;0,002;R
21,821469;8,851;0,002;R
21,82247;8,859;0,002;R
21,830429;8,842;0,002;R
21,831442;8,841;0,002;R
22,490412;9,179;0,006;R
22,491025;9,188;0,006;R
22,491627;9,183;0,006;R
22,492252;9,181;0,006;R
22,492877;9,178;0,006;R
22,493502;9,192;0,006;R
22,494127;9,184;0,006;R
22,494741;9,183;0,006;R
22,495354;9,178;0,006;R
22,495979;9,189;0,006;R
22,496604;9,183;0,006;R
22,497229;9,171;0,006;R
22,497854;9,18;0,006;R
22,498491;9,171;0,006;R
22,499116;9,181;0,006;R
22,499729;9,162;0,006;R
22,500354;9,194;0,006;R
22,500979;9,192;0,006;R
22,501604;9,186;0,006;R
22,502229;9,191;0,006;R
22,502854;9,197;0,006;R
22,503479;9,183;0,006;R
22,504104;9,191;0,006;R
22,504729;9,198;0,006;R
22,505354;9,173;0,006;R
22,505979;9,198;0,006;R
22,506604;9,198;0,006;R
22,507229;9,202;0,006;R
22,507854;9,193;0,006;R
22,508479;9,191;0,006;R
22,509104;9,197;0,006;R
22,509729;9,187;0,006;R
22,510366;9,18;0,006;R
22,510991;9,181;0,006;R
22,511616;9,195;0,006;R
22,512241;9,182;0,006;R
22,512854;9,186;0,006;R
22,513468;9,191;0,006;R
22,514081;9,191;0,006;R
22,514706;9,186;0,006;R
22,515331;9,163;0,006;R
22,515956;9,189;0,006;R
22,516581;9,179;0,006;R
22,517206;9,173;0,006;R
22,517831;9,195;0,006;R
22,518456;9,179;0,005;R
22,519081;9,2;0,006;R
22,519718;9,185;0,005;R
22,520343;9,193;0,005;R
22,520968;9,153;0,006;R
22,521593;9,188;0,006;R
22,522206;9,189;0,005;R
22,522831;9,19;0,006;R
22,523468;9,186;0,005;R
22,524093;9,194;0,005;R
22,524706;9,167;0,005;R
22,525319;9,185;0,005;R
22,525933;9,205;0,006;R
22,526558;9,199;0,005;R
22,527194;9,185;0,006;R
22,527819;9,19;0,005;R
22,528444;9,185;0,005;R
22,529069;9,201;0,005;R
22,529694;9,193;0,006;R
22,530319;9,181;0,006;R
22,530944;9,168;0,005;R
22,531558;9,193;0,005;R
22,532183;9,193;0,005;R
22,532819;9,185;0,005;R
22,533444;9,176;0,005;R
22,534069;9,191;0,005;R
22,534683;9,178;0,005;R
22,535296;9,187;0,005;R
22,535933;9,187;0,005;R
22,536558;9,202;0,005;R
22,537171;9,178;0,005;R
22,537808;9,177;0,005;R
22,538433;9,195;0,005;R
22,539058;9,195;0,005;R
22,539694;9,193;0,005;R
22,540319;9,205;0,005;R
22,540933;9,189;0,005;R
22,541546;9,171;0,005;R
22,567588;9,192;0,005;R
22,568213;9,212;0,005;R
22,568838;9,198;0,005;R
22,569463;9,205;0,006;R
22,570088;9,211;0,005;R
22,570713;9,206;0,005;R
22,571349;9,199;0,005;R
22,571974;9,207;0,005;R
22,572611;9,208;0,005;R
22,573248;9,215;0,005;R
22,573873;9,197;0,005;R
22,574498;9,203;0,005;R
22,575134;9,198;0,005;R
22,575759;9,185;0,005;R
22,576396;9,197;0,006;R
22,577021;9,214;0,005;R
22,577657;9,193;0,005;R
22,578294;9,207;0,005;R
22,578919;9,207;0,005;R
22,774457;8,932;0,002;R
22,775448;8,93;0,002;R
22,783394;8,944;0,002;R
22,784406;8,947;0,002;R
22,792335;8,956;0,002;R
22,79334;8,952;0,002;R
22,802536;8,961;0,002;R
22,803539;8,965;0,002;R
22,811498;8,955;0,002;R
22,812503;8,963;0,002;R
23,01273;8,954;0,001;R
23,01486;8,342;0,006;R
23,10933;8,869;0,001;R
23,15323;8,851;0,001;R
23,487576;9,285;0,006;R
23,488201;9,291;0,006;R
23,488826;9,285;0,006;R
23,489451;9,291;0,006;R
23,490076;9,278;0,006;R
23,490678;9,27;0,006;R
23,491292;9,288;0,006;R
23,491917;9,301;0,006;R
23,492542;9,294;0,006;R
23,493167;9,287;0,006;R
23,493792;9,29;0,006;R
23,494417;9,277;0,006;R
23,495042;9,297;0,006;R
23,495667;9,286;0,006;R
23,496292;9,295;0,006;R
23,496917;9,283;0,006;R
23,497542;9,285;0,006;R
23,498167;9,287;0,006;R
23,498792;9,303;0,006;R
23,499417;9,285;0,006;R
23,500042;9,302;0,006;R
23,500655;9,297;0,006;R
23,501268;9,284;0,006;R
23,501882;9,3;0,006;R
23,502507;9,294;0,006;R
23,50312;9,29;0,006;R
23,503745;9,3;0,006;R
23,504359;9,284;0,006;R
23,504972;9,301;0,006;R
23,505597;9,283;0,006;R
23,506211;9,292;0,006;R
23,506824;9,287;0,006;R
23,507437;9,284;0,006;R
23,508062;9,282;0,006;R
23,508676;9,294;0,006;R
23,509289;9,294;0,006;R
23,509903;9,29;0,006;R
23,510528;9,288;0,006;R
23,511141;9,302;0,006;R
23,511755;9,279;0,006;R
23,51238;9,279;0,006;R
23,513005;9,297;0,006;R
23,51363;9,274;0,006;R
23,514255;9,312;0,006;R
23,51488;9,312;0,006;R
23,515505;9,298;0,006;R
23,51613;9,29;0,006;R
23,516755;9,285;0,006;R
23,517368;9,281;0,006;R
23,517981;9,282;0,006;R
23,518606;9,294;0,006;R
23,51922;9,295;0,006;R
23,519845;9,301;0,006;R
23,52047;9,301;0,006;R
23,521095;9,296;0,006;R
23,521708;9,297;0,006;R
23,522333;9,285;0,006;R
23,522947;9,283;0,006;R
23,52356;9,291;0,006;R
23,524185;9,292;0,006;R
23,52481;9,294;0,006;R
23,525435;9,301;0,006;R
23,526072;9,3;0,006;R
23,526685;9,295;0,006;R
23,52731;9,291;0,006;R
23,527935;9,297;0,006;R
23,528572;9,308;0,006;R
23,529197;9,285;0,006;R
23,529822;9,296;0,006;R
23,530435;9,29;0,006;R
23,531049;9,303;0,006;R
23,531662;9,304;0,006;R
23,532275;9,313;0,006;R
23,5329;9,285;0,006;R
23,533525;9,308;0,006;R
23,534162;9,305;0,006;R
23,534775;9,307;0,006;R
23,535389;9,302;0,006;R
23,536014;9,303;0,006;R
23,53665;9,315;0,006;R
23,537264;9,31;0,006;R
23,537877;9,305;0,006;R
23,538502;9,305;0,006;R
23,546118;9,326;0,006;R
23,546755;9,326;0,006;R
23,54738;9,3;0,006;R
23,548005;9,308;0,006;R
23,54863;9,314;0,006;R
23,549266;9,31;0,006;R
23,54988;9,308;0,006;R
23,550493;9,311;0,006;R
23,55113;9,31;0,006;R
23,551766;9,314;0,006;R
23,552391;9,291;0,006;R
23,553005;9,299;0,006;R
23,553641;9,3;0,006;R
23,554255;9,334;0,006;R
23,55488;9,313;0,006;R
23,555516;9,303;0,006;R
23,55613;9,312;0,006;R
23,556755;9,301;0,006;R
23,557391;9,316;0,006;R
23,558005;9,314;0,006;R
23,558641;9,321;0,006;R
23,559266;9,3;0,006;R
23,55988;9,317;0,006;R
23,560516;9,296;0,006;R
23,561141;9,308;0,006;R
23,561755;9,297;0,006;R
23,562391;9,303;0,006;R
23,563005;9,311;0,006;R
23,563653;9,314;0,006;R
23,564278;9,306;0,006;R
23,564914;9,316;0,006;R
23,565539;9,324;0,006;R
23,566153;9,32;0,006;R
23,566789;9,317;0,006;R
23,567414;9,311;0,006;R
23,568051;9,319;0,006;R
23,568676;9,332;0,006;R
23,569312;9,333;0,006;R
23,569926;9,326;0,006;R
23,570562;9,319;0,006;R
23,571176;9,337;0,006;R
23,571812;9,31;0,006;R
23,572437;9,326;0,006;R
23,573074;9,334;0,006;R
23,573699;9,327;0,006;R
23,574324;9,31;0,006;R
23,574961;9,326;0,005;R
23,575597;9,324;0,006;R
23,576222;9,304;0,006;R
24,484845;9,546;0,006;R
24,48547;9,554;0,006;R
24,486083;9,553;0,006;R
24,486708;9,557;0,006;R
24,487322;9,559;0,006;R
24,487947;9,542;0,006;R
24,48856;9,561;0,006;R
24,489197;9,557;0,006;R
24,48981;9,558;0,006;R
24,490435;9,565;0,006;R
24,49106;9,563;0,006;R
24,491685;9,553;0,006;R
24,49231;9,559;0,006;R
24,492924;9,559;0,006;R
24,493537;9,551;0,006;R
24,49415;9,554;0,006;R
24,494775;9,566;0,006;R
24,495389;9,553;0,006;R
24,496014;9,566;0,006;R
24,496639;9,548;0,006;R
24,497264;9,558;0,006;R
24,497889;9,541;0,006;R
24,498502;9,555;0,006;R
24,499116;9,55;0,006;R
24,499729;9,563;0,006;R
24,500343;9,561;0,006;R
24,500956;9,567;0,006;R
24,501581;9,552;0,006;R
24,502206;9,556;0,006;R
24,502819;9,552;0,006;R
24,503444;9,566;0,006;R
24,504081;9,554;0,006;R
24,504706;9,558;0,006;R
24,505331;9,545;0,006;R
24,505956;9,557;0,006;R
24,506581;9,554;0,006;R
24,507206;9,555;0,006;R
24,507831;9,565;0,006;R
24,508456;9,555;0,006;R
24,509081;9,564;0,006;R
24,509706;9,565;0,006;R
24,510331;9,554;0,006;R
24,510944;9,553;0,006;R
24,511569;9,56;0,006;R
24,512183;9,555;0,006;R
24,512808;9,558;0,006;R
24,513433;9,555;0,006;R
24,514058;9,559;0,006;R
24,514683;9,573;0,006;R
24,515308;9,542;0,006;R
24,515933;9,549;0,006;R
24,516558;9,549;0,006;R
24,517183;9,555;0,006;R
24,517808;9,562;0,006;R
24,518433;9,547;0,006;R
24,519058;9,563;0,006;R
24,519683;9,568;0,006;R
24,520308;9,566;0,006;R
24,520933;9,548;0,006;R
24,521558;9,558;0,006;R
24,522171;9,567;0,006;R
24,522785;9,556;0,006;R
24,523421;9,564;0,006;R
24,524046;9,56;0,006;R
24,524683;9,561;0,006;R
24,525285;9,563;0,006;R
24,52591;9,556;0,006;R
24,526535;9,555;0,006;R
24,52716;9,547;0,006;R
24,527785;9,545;0,006;R
24,52841;9,553;0,006;R
24,529023;9,561;0,006;R
24,529648;9,557;0,006;R
24,530273;9,555;0,006;R
24,530898;9,544;0,006;R
24,531523;9,538;0,006;R
24,532148;9,552;0,006;R
24,532773;9,553;0,006;R
24,533398;9,548;0,006;R
24,534012;9,552;0,006;R
24,534637;9,534;0,006;R
24,535262;9,554;0,006;R
24,535887;9,544;0,006;R
24,541187;9,555;0,006;R
24,541824;9,538;0,006;R
24,542449;9,568;0,006;R
24,543062;9,566;0,006;R
24,543687;9,576;0,006;R
24,544312;9,548;0,006;R
24,544937;9,564;0,006;R
24,545574;9,562;0,006;R
24,546187;9,548;0,006;R
24,546812;9,575;0,006;R
24,547437;9,566;0,006;R
24,548074;9,549;0,006;R
24,548687;9,559;0,006;R
24,549312;9,554;0,006;R
24,549937;9,546;0,006;R
24,550574;9,561;0,006;R
24,551187;9,55;0,006;R
24,551812;9,544;0,006;R
24,552437;9,553;0,006;R
24,553062;9,549;0,006;R
24,553687;9,546;0,006;R
24,554324;9,561;0,006;R
24,554937;9,555;0,006;R
24,555562;9,55;0,006;R
24,556187;9,549;0,006;R
24,556824;9,562;0,006;R
24,557437;9,544;0,006;R
24,558074;9,562;0,006;R
24,558687;9,561;0,006;R
24,559312;9,568;0,006;R
24,559949;9,564;0,006;R
24,560574;9,546;0,006;R
24,561211;9,562;0,006;R
24,561836;9,553;0,006;R
24,562472;9,543;0,006;R
24,563086;9,549;0,006;R
24,563722;9,553;0,006;R
24,564347;9,566;0,006;R
24,564984;9,554;0,006;R
24,565609;9,57;0,006;R
24,566245;9,567;0,006;R
24,566859;9,564;0,006;R
24,567495;9,574;0,006;R
24,568109;9,566;0,006;R
24,568745;9,548;0,006;R
24,569359;9,56;0,006;R
24,569995;9,557;0,006;R
24,57062;9,569;0,006;R
24,571257;9,547;0,006;R
24,571893;9,571;0,006;R
24,572518;9,581;0,006;R
24,573155;9,577;0,006;R
24,818081;9,377;0,002;R
24,819088;9,375;0,002;R
24,826991;9,364;0,002;R
24,827986;9,353;0,002;R
24,83591;9,369;0,002;R
24,836917;9,37;0,002;R
25,04553;9,46;0,001;R
25,04777;8,924;0,005;R
25,11259;9,481;0,001;R
25,15926;9,465;0,001;R
25,482056;9,904;0,007;R
25,482669;9,894;0,007;R
25,483294;9,9;0,007;R
25,483907;9,896;0,007;R
25,484532;9,893;0,007;R
25,485146;9,874;0,007;R
25,485771;9,894;0,007;R
25,486396;9,886;0,007;R
25,487021;9,905;0,007;R
25,487646;9,905;0,007;R
25,488271;9,875;0,007;R
25,488896;9,9;0,007;R
25,489521;9,903;0,007;R
25,490134;9,888;0,007;R
25,490759;9,901;0,007;R
25,491384;9,91;0,007;R
25,492009;9,895;0,007;R
25,492623;9,893;0,007;R
25,493236;9,907;0,007;R
25,493861;9,882;0,007;R
25,494486;9,904;0,007;R
25,495111;9,9;0,007;R
25,495736;9,894;0,007;R
25,496361;9,896;0,007;R
25,496974;9,901;0,007;R
25,497588;9,892;0,007;R
25,498213;9,875;0,007;R
25,498838;9,884;0,007;R
25,499463;9,885;0,007;R
25,500076;9,895;0,007;R
25,500701;9,881;0,007;R
25,501326;9,889;0,007;R
25,501951;9,884;0,007;R
25,502565;9,884;0,007;R
25,503178;9,862;0,007;R
25,503803;9,88;0,007;R
25,504428;9,892;0,007;R
25,505053;9,878;0,007;R
25,505678;9,862;0,007;R
25,506303;9,88;0,007;R
25,506928;9,877;0,007;R
25,507553;9,878;0,007;R
25,508178;9,873;0,007;R
25,508803;9,88;0,007;R
25,509428;9,886;0,007;R
25,510053;9,882;0,007;R
25,510678;9,867;0,007;R
25,511303;9,87;0,007;R
25,511928;9,874;0,007;R
25,512553;9,873;0,007;R
25,513178;9,877;0,007;R
25,513803;9,85;0,007;R
25,514417;9,842;0,007;R
25,51503;9,872;0,007;R
25,515655;9,845;0,007;R
25,51628;9,869;0,007;R
25,516905;9,836;0,007;R
25,517542;9,85;0,007;R
25,518155;9,843;0,007;R
25,51878;9,858;0,007;R
25,519405;9,854;0,007;R
25,52003;9,861;0,007;R
25,520655;9,837;0,007;R
25,52128;9,845;0,007;R
25,521893;9,844;0,007;R
25,522507;9,848;0,007;R
25,523143;9,843;0,007;R
25,523768;9,85;0,007;R
25,524393;9,84;0,006;R
25,525018;9,842;0,007;R
25,525632;9,837;0,006;R
25,526268;9,844;0,007;R
25,526893;9,835;0,006;R
25,527518;9,845;0,007;R
25,528143;9,845;0,006;R
25,528768;9,832;0,006;R
25,529382;9,83;0,006;R
25,529995;9,825;0,006;R
25,530609;9,827;0,006;R
25,531245;9,827;0,007;R
25,53187;9,834;0,007;R
25,532495;9,826;0,006;R
25,53312;9,832;0,007;R
25,533745;9,838;0,006;R
25,53466;9,813;0,006;R
25,535273;9,811;0,006;R
25,53591;9,818;0,006;R
25,536535;9,831;0,006;R
25,53716;9,813;0,006;R
25,538444;9,805;0,006;R
25,539069;9,789;0,006;R
25,539694;9,809;0,006;R
25,540319;9,812;0,007;R
25,540944;9,794;0,006;R
25,84859;9,283;0,001;R
25,8508;8,683;0,005;R
25,89277;9,268;0,001;R
25,93721;9,258;0,001;R
25,93882;8,665;0,005;R
25,98178;9,247;0,001;R
26,02568;9,292;0,001;R
26,02725;8,71;0,005;R
26,16824;8,752;0,006;R
26,479278;9,653;0,006;R
26,479903;9,673;0,006;R
26,480505;9,667;0,006;R
26,48113;9,67;0,006;R
26,481755;9,668;0,006;R
26,48238;9,648;0,006;R
26,483005;9,671;0,006;R
26,483618;9,669;0,006;R
26,484231;9,643;0,006;R
26,484856;9,648;0,006;R
26,485493;9,657;0,006;R
26,486118;9,66;0,006;R
26,486743;9,663;0,006;R
26,487368;9,645;0,006;R
26,487993;9,646;0,006;R
26,488606;9,664;0,006;R
26,489231;9,666;0,006;R
26,489856;9,68;0,006;R
26,490481;9,646;0,007;R
26,491106;9,675;0,006;R
26,49172;9,67;0,006;R
26,492345;9,657;0,006;R
26,492981;9,651;0,006;R
26,493606;9,655;0,006;R
26,49422;9,658;0,006;R
26,494845;9,641;0,006;R
26,49547;9,684;0,006;R
26,496106;9,654;0,006;R
26,496731;9,657;0,006;R
26,497356;9,661;0,006;R
26,497981;9,643;0,006;R
26,498606;9,647;0,006;R
26,499231;9,642;0,006;R
26,499856;9,669;0,006;R
26,500481;9,646;0,006;R
26,501106;9,658;0,006;R
26,501731;9,668;0,006;R
26,502356;9,672;0,006;R
26,502981;9,647;0,006;R
26,503606;9,625;0,007;R
26,504231;9,665;0,007;R
26,504856;9,685;0,007;R
26,50547;9,697;0,007;R
26,506106;9,678;0,006;R
26,506731;9,677;0,006;R
26,507356;9,664;0,006;R
26,507981;9,62;0,007;R
26,508606;9,673;0,007;R
26,509231;9,673;0,007;R
26,509856;9,637;0,007;R
26,510481;9,659;0,007;R
26,511106;9,663;0,007;R
26,511731;9,67;0,007;R
26,512356;9,671;0,007;R
26,512993;9,687;0,007;R
26,513606;9,663;0,007;R
26,51422;9,664;0,007;R
26,514845;9,661;0,007;R
26,51547;9,675;0,007;R
26,516095;9,675;0,006;R
26,51672;9,694;0,007;R
26,517345;9,66;0,007;R
26,517993;9,665;0,007;R
26,518618;9,655;0,008;R
26,519243;9,677;0,007;R
26,519868;9,671;0,008;R
26,520493;9,646;0,01;R
26,521118;9,675;0,012;R
26,521731;9,696;0,01;R
26,522345;9,685;0,009;R
26,522981;9,673;0,008;R
26,523606;9,681;0,008;R
26,524231;9,646;0,008;R
26,524856;9,663;0,006;R
26,525481;9,652;0,007;R
26,526106;9,66;0,006;R
26,526731;9,657;0,006;R
26,527356;9,657;0,006;R
26,52797;9,677;0,006;R
26,528583;9,66;0,006;R
26,529197;9,673;0,006;R
26,529833;9,661;0,006;R
26,530458;9,659;0,006;R
26,531373;9,645;0,006;R
26,531998;9,656;0,006;R
26,532623;9,657;0,006;R
26,533248;9,638;0,007;R
26,533873;9,631;0,007;R
26,534498;9,646;0,007;R
26,535632;9,636;0,007;R
26,536257;9,633;0,006;R
26,536893;9,627;0,006;R
26,537518;9,622;0,006;R
26,538143;9,613;0,007;R
26,538768;9,613;0,007;R
26,96307;9,378;0,001;R
26,96528;8,785;0,005;R
27,00758;9,38;0,001;R
27,05177;9,369;0,001;R
27,05337;8,753;0,005;R
27,09585;9,345;0,001;R
27,13999;9,331;0,001;R
27,14221;8,734;0,005;R
27,4765;9,499;0,006;R
27,477113;9,496;0,006;R
27,47775;9,5;0,006;R
27,478375;9,506;0,006;R
27,479;9,493;0,006;R
27,479613;9,508;0,006;R
27,480238;9,509;0,006;R
27,480863;9,508;0,006;R
27,481477;9,491;0,006;R
27,482113;9,508;0,006;R
27,482727;9,498;0,006;R
27,483352;9,484;0,006;R
27,483977;9,502;0,006;R
27,484602;9,499;0,006;R
27,485215;9,509;0,006;R
27,48584;9,505;0,006;R
27,486465;9,499;0,006;R
27,48709;9,502;0,006;R
27,487704;9,496;0,006;R
27,488329;9,49;0,006;R
27,488954;9,497;0,006;R
27,489567;9,485;0,006;R
27,490181;9,474;0,006;R
27,490794;9,49;0,006;R
27,491419;9,499;0,006;R
27,492044;9,503;0,006;R
27,492669;9,471;0,006;R
27,493294;9,484;0,006;R
27,493919;9,489;0,006;R
27,494544;9,49;0,006;R
27,495157;9,471;0,006;R
27,495782;9,491;0,006;R
27,496407;9,478;0,006;R
27,497021;9,49;0,006;R
27,497634;9,47;0,006;R
27,498248;9,499;0,006;R
27,498873;9,483;0,006;R
27,499498;9,468;0,006;R
27,500123;9,48;0,006;R
27,500748;9,468;0,006;R
27,501373;9,474;0,006;R
27,501998;9,487;0,006;R
27,502623;9,487;0,006;R
27,503248;9,463;0,006;R
27,503873;9,469;0,006;R
27,504498;9,483;0,006;R
27,505123;9,478;0,006;R
27,505748;9,482;0,006;R
27,506373;9,484;0,006;R
27,506998;9,479;0,006;R
27,507623;9,476;0,006;R
27,508248;9,464;0,006;R
27,508873;9,481;0,006;R
27,509498;9,469;0,006;R
27,510123;9,47;0,006;R
27,510748;9,461;0,006;R
27,511373;9,464;0,006;R
27,511998;9,471;0,006;R
27,512623;9,468;0,006;R
27,513236;9,464;0,006;R
27,513849;9,458;0,006;R
27,514463;9,469;0,006;R
27,515076;9,48;0,006;R
27,51569;9,456;0,006;R
27,516303;9,462;0,006;R
27,516917;9,458;0,006;R
27,517553;9,476;0,006;R
27,518178;9,467;0,006;R
27,518803;9,46;0,006;R
27,519428;9,46;0,006;R
27,520042;9,482;0,006;R
27,520678;9,455;0,006;R
27,521303;9,472;0,006;R
27,521928;9,457;0,006;R
27,522553;9,471;0,006;R
27,523167;9,469;0,006;R
27,52378;9,466;0,006;R
27,524417;9,451;0,006;R
27,525042;9,452;0,006;R
27,525667;9,45;0,006;R
27,526292;9,457;0,006;R
27,526905;9,463;0,006;R
27,527542;9,469;0,006;R
27,532877;9,478;0,006;R
27,533514;9,459;0,006;R
27,534139;9,454;0,006;R
27,534764;9,452;0,006;R
27,535389;9,482;0,006;R
27,536002;9,46;0,006;R
27,536662;9,457;0,006;R
27,537287;9,458;0,006;R
27,537912;9,441;0,006;R
27,538537;9,451;0,006;R
27,53915;9,461;0,006;R
27,539764;9,468;0,006;R
27,5404;9,446;0,006;R
27,541025;9,44;0,006;R
27,541639;9,444;0,006;R
27,542275;9,438;0,006;R
27,5429;9,435;0,006;R
27,543525;9,455;0,006;R
27,54415;9,446;0,006;R
27,544775;9,454;0,006;R
27,5454;9,443;0,006;R
27,546037;9,451;0,006;R
27,546674;9,43;0,006;R
27,547287;9,444;0,006;R
27,547924;9,451;0,006;R
27,548549;9,455;0,006;R
27,549174;9,45;0,006;R
27,549799;9,449;0,006;R
27,550424;9,433;0,006;R
27,55106;9,452;0,006;R
27,551685;9,437;0,006;R
27,55231;9,438;0,006;R
27,552924;9,425;0,006;R
27,55356;9,413;0,006;R
27,554197;9,424;0,006;R
27,554822;9,425;0,006;R
27,555458;9,435;0,006;R
27,556083;9,421;0,006;R
27,556708;9,423;0,006;R
27,557345;9,438;0,006;R
27,557981;9,417;0,006;R
27,55863;9,421;0,006;R
27,559255;9,427;0,006;R
27,559891;9,421;0,006;R
27,560516;9,421;0,006;R
27,561153;9,423;0,006;R
27,561789;9,43;0,006;R
27,562426;9,4;0,006;R
27,563051;9,417;0,006;R
27,563676;9,412;0,006;R
27,564312;9,422;0,006;R
27,564949;9,414;0,006;R
27,94059;9,054;0,001;R
27,99105;9,072;0,001;R
28,473745;9,44;0,007;R
28,474359;9,449;0,01;R
28,474972;9,441;0,009;R
28,475586;9,44;0,007;R
28,476199;9,434;0,007;R
28,476824;9,398;0,008;R
28,477437;9,491;0,01;R
28,478062;9,444;0,008;R
28,478676;9,448;0,006;R
28,479301;9,432;0,006;R
28,479914;9,414;0,007;R
28,480539;9,442;0,007;R
28,481164;9,402;0,008;R
28,481766;9,445;0,007;R
28,482391;9,384;0,007;R
28,482993;9,415;0,007;R
28,483606;9,37;0,007;R
28,48422;9,401;0,008;R
28,484845;9,461;0,01;R
28,485447;9,539;0,01;R
28,486072;9,534;0,015;R
28,486685;9,633;0,008;R
28,48731;9,434;0,007;R
28,487924;9,374;0,008;R
28,488537;9,448;0,006;R
28,489162;9,422;0,007;R
28,489775;9,48;0,007;R
28,4904;9,427;0,008;R
28,491014;9,426;0,007;R
28,491639;9,426;0,009;R
28,492264;9,735;0,009;R
28,492866;9,442;0,007;R
28,493491;9,426;0,007;R
28,494104;9,428;0,007;R
28,494729;9,435;0,007;R
28,495354;9,442;0,022;R
28,495991;9,606;0,009;R
28,496627;9,424;0,012;R
28,497264;9,407;0,011;R
28,497889;9,39;0,008;R
28,498537;9,423;0,006;R
28,499174;9,399;0,006;R
28,499787;9,425;0,006;R
28,500435;9,396;0,007;R
28,501072;9,302;0,01;R
28,501708;9,355;0,006;R
28,502345;9,482;0,008;R
28,50297;9,27;0,009;R
28,503618;9,389;0,006;R
28,504243;9,438;0,006;R
28,504868;9,432;0,007;R
28,505505;9,491;0,006;R
28,506141;9,51;0,007;R
28,506778;9,431;0,007;R
28,507403;9,513;0,007;R
28,508028;9,436;0,007;R
28,508641;9,444;0,006;R
28,509278;9,425;0,006;R
28,509903;9,476;0,006;R
28,510539;9,444;0,007;R
28,511176;9,432;0,006;R
28,511801;9,436;0,006;R
28,512437;9,433;0,006;R
28,513074;9,429;0,006;R
28,513699;9,452;0,007;R
28,514336;9,456;0,007;R
28,514972;9,48;0,007;R
28,515609;9,446;0,006;R
28,516245;9,441;0,006;R
28,516893;9,416;0,006;R
28,517518;9,434;0,006;R
28,518167;9,45;0,006;R
28,518803;9,422;0,006;R
28,519451;9,429;0,006;R
28,520088;9,42;0,006;R
28,520724;9,441;0,006;R
28,521361;9,44;0,006;R
28,521998;9,449;0,006;R
28,522634;9,43;0,006;R
28,523271;9,426;0,006;R
28,523919;9,447;0,006;R
28,524544;9,451;0,006;R
28,525181;9,44;0,006;R
28,528676;9,461;0,006;R
28,530099;9,453;0,006;R
28,530724;9,449;0,006;R
28,531349;9,427;0,006;R
28,531974;9,454;0,006;R
28,532599;9,437;0,006;R
28,533224;9,452;0,006;R
28,533849;9,442;0,006;R
28,534474;9,458;0,006;R
28,535099;9,439;0,006;R
28,535724;9,448;0,006;R
28,536349;9,462;0,006;R
28,536974;9,454;0,006;R
28,537599;9,443;0,006;R
28,538224;9,456;0,006;R
28,538849;9,444;0,006;R
28,539474;9,445;0,006;R
28,540099;9,456;0,006;R
28,540724;9,46;0,006;R
28,541361;9,451;0,006;R
28,541963;9,452;0,006;R
28,542576;9,448;0,006;R
28,543201;9,448;0,006;R
28,543815;9,439;0,006;R
28,544428;9,436;0,006;R
28,545053;9,457;0,006;R
28,545678;9,454;0,006;R
28,546303;9,452;0,006;R
28,546928;9,442;0,006;R
28,547553;9,454;0,006;R
28,548178;9,469;0,006;R
28,548803;9,455;0,006;R
28,549417;9,448;0,006;R
28,550053;9,452;0,006;R
28,550678;9,458;0,006;R
28,551303;9,451;0,006;R
28,551928;9,455;0,006;R
28,552565;9,444;0,006;R
28,553178;9,449;0,006;R
28,553792;9,456;0,006;R
28,554405;9,451;0,006;R
28,55503;9,445;0,006;R
28,555655;9,453;0,006;R
28,55628;9,452;0,006;R
28,556893;9,453;0,006;R
28,557507;9,461;0,006;R
28,558132;9,446;0,006;R
28,558757;9,46;0,006;R
28,559382;9,452;0,006;R
28,560007;9,446;0,006;R
28,56062;9,451;0,006;R
28,561257;9,463;0,006;R
28,56187;9,464;0,006;R
28,762519;9,28;0,006;R
28,763528;9,284;0,004;R
28,771438;9,273;0,002;R
28,772451;9,277;0,002;R
28,780333;9,278;0,002;R
28,781337;9,279;0,002;R
28,794779;9,279;0,002;R
28,795762;9,279;0,002;R
28,80368;9,281;0,002;R
28,804677;9,283;0,002;R
28,812564;9,286;0,002;R
28,813565;9,278;0,002;R
28,8463;9,292;0,001;R
28,84851;8,688;0,005;R
28,89337;9,291;0,001;R
28,9377;9,307;0,001;R
28,93876;8,711;0,005;R
28,98217;9,307;0,001;R
29,14633;9,15;0,002;R
29,14855;8,651;0,01;R
29,82712;9,413;0,001;R
29,82938;8,797;0,022;R
29,9064;9,485;0,001;R
29,921;8,849;0,005;R
29,95061;9,482;0,002;R
29,99475;9,43;0,001;R
30,00611;8,868;0,005;R
30,03993;9,43;0,001;R
30,473427;9,452;0,021;R
30,476101;9,424;0,057;R
30,477432;9,384;0,064;R
30,478091;9,544;0,034;R
30,478751;9,577;0,03;R
30,479411;9,513;0,022;R
30,480071;9,51;0,031;R
30,480742;9,393;0,048;R
30,481402;9,524;0,028;R
30,48205;9,524;0,018;R
30,482709;9,47;0,02;R
30,483381;9,469;0,02;R
30,48404;9,518;0,019;R
30,484712;9,482;0,02;R
30,485371;9,479;0,019;R
30,486031;9,502;0,019;R
30,486691;9,449;0,019;R
30,487351;9,543;0,019;R
30,48801;9,496;0,017;R
30,488659;9,444;0,019;R
30,489307;9,531;0,019;R
30,489966;9,453;0,018;R
30,490626;9,476;0,019;R
30,491286;9,497;0,018;R
30,491934;9,493;0,019;R
30,492594;9,533;0,02;R
30,493277;9,497;0,018;R
30,493936;9,482;0,019;R
30,494608;9,536;0,018;R
30,495267;9,478;0,019;R
30,495927;9,502;0,019;R
30,496587;9,442;0,021;R
30,497246;9,521;0,02;R
30,497918;9,511;0,018;R
30,498578;9,558;0,017;R
30,499237;9,518;0,018;R
30,499897;9,539;0,018;R
30,500557;9,541;0,019;R
30,501216;9,525;0,018;R
30,501876;9,521;0,019;R
30,502536;9,53;0,017;R
30,503207;9,454;0,019;R
30,503878;9,524;0,019;R
30,504538;9,539;0,017;R
30,505198;9,528;0,018;R
30,505846;9,525;0,017;R
30,506517;9,486;0,018;R
30,507189;9,505;0,018;R
30,507848;9,496;0,019;R
30,508508;9,486;0,019;R
30,509168;9,503;0,018;R
30,509828;9,478;0,018;R
30,510487;9,501;0,018;R
30,511159;9,528;0,019;R
30,51183;9,419;0,02;R
30,512501;9,542;0,017;R
30,513161;9,53;0,017;R
30,513832;9,492;0,017;R
30,514492;9,535;0,017;R
30,515152;9,488;0,018;R
30,515811;9,526;0,017;R
30,516483;9,495;0,017;R
30,517131;9,517;0,017;R
30,51779;9,484;0,018;R
30,51845;9,503;0,019;R
30,51911;9,478;0,019;R
30,519781;9,526;0,017;R
30,52073;9,468;0,02;R
30,52139;9,507;0,019;R
30,52205;9,528;0,019;R
30,522709;9,518;0,019;R
30,526899;9,529;0,019;R
30,527559;9,536;0,019;R
30,52823;9,54;0,018;R
30,52889;9,568;0,017;R
30,529538;9,527;0,019;R
30,530198;9,496;0,018;R
30,530869;9,546;0,018;R
30,531517;9,476;0,018;R
30,532165;9,516;0,018;R
30,532825;9,463;0,018;R
30,533485;9,518;0,019;R
30,534156;9,523;0,018;R
30,534816;9,523;0,016;R
30,535464;9,529;0,017;R
30,536124;9,515;0,018;R
30,536784;9,527;0,017;R
30,537455;9,47;0,018;R
30,538103;9,528;0,018;R
30,538763;9,532;0,017;R
30,539434;9,491;0,019;R
30,540094;9,532;0,017;R
30,540742;9,531;0,017;R
30,54205;9,515;0,017;R
30,542721;9,496;0,018;R
30,543369;9,52;0,019;R
30,544017;9,528;0,017;R
30,544677;9,529;0,018;R
30,545337;9,552;0,018;R
30,546008;9,522;0,017;R
30,546668;9,518;0,017;R
30,547339;9,507;0,017;R
30,547987;9,573;0,018;R
30,548647;9,54;0,018;R
30,549307;9,447;0,018;R
30,549966;9,489;0,018;R
30,550638;9,524;0,017;R
30,551297;9,521;0,017;R
30,551969;9,49;0,018;R
30,552628;9,491;0,018;R
30,553288;9,487;0,018;R
30,553959;9,522;0,016;R
30,554631;9,501;0,017;R
30,55529;9,528;0,018;R
30,55595;9,49;0,017;R
30,556621;9,502;0,018;R
30,557293;9,547;0,018;R
31,464249;9,584;0,022;R
31,46492;9,577;0,024;R
31,46558;9,593;0,021;R
31,46624;9,526;0,02;R
31,466899;9,657;0,019;R
31,467559;9,561;0,021;R
31,468219;9,552;0,02;R
31,468878;9,623;0,021;R
31,469538;9,528;0,022;R
31,470209;9,571;0,021;R
31,470869;9,541;0,02;R
31,471552;9,51;0,021;R
31,472212;9,601;0,021;R
31,472871;9,584;0,02;R
31,473531;9,618;0,02;R
31,474191;9,561;0,02;R
31,474862;9,55;0,018;R
31,475522;9,581;0,022;R
31,476193;9,587;0,02;R
31,476865;9,493;0,022;R
31,477524;9,556;0,021;R
31,478184;9,57;0,019;R
31,478855;9,54;0,021;R
31,479515;9,537;0,02;R
31,480175;9,508;0,022;R
31,480834;9,61;0,02;R
31,481494;9,595;0,019;R
31,482165;9,566;0,021;R
31,482825;9,538;0,021;R
31,483485;9,57;0,02;R
31,484156;9,551;0,019;R
31,485487;9,564;0,022;R
31,486147;9,569;0,02;R
31,486818;9,575;0,021;R
31,487478;9,631;0,019;R
31,488138;9,536;0,021;R
31,488797;9,537;0,022;R
31,489469;9,582;0,021;R
31,49014;9,605;0,022;R
31,4908;9,577;0,02;R
31,491459;9,616;0,02;R
31,492131;9,577;0,021;R
31,492802;9,571;0,021;R
31,493473;9,507;0,022;R
31,494145;9,592;0,02;R
31,494804;9,6;0,02;R
31,495464;9,583;0,019;R
31,496135;9,5;0,022;R
31,496807;9,58;0,02;R
31,498126;9,528;0,022;R
31,498797;9,554;0,019;R
31,499469;9,569;0,021;R
31,50014;9,579;0,02;R
31,5008;9,569;0,021;R
31,501471;9,618;0,019;R
31,502142;9,602;0,021;R
31,502814;9,568;0,019;R
31,503485;9,597;0,021;R
31,504156;9,53;0,021;R
31,504828;9,587;0,02;R
31,505499;9,641;0,021;R
31,50617;9,566;0,019;R
31,506841;9,544;0,022;R
31,507513;9,556;0,02;R
31,508184;9,575;0,02;R
31,508855;9,585;0,02;R
31,509515;9,57;0,021;R
31,510175;9,566;0,02;R
31,510834;9,551;0,02;R
31,511494;9,597;0,02;R
31,512154;9,627;0,021;R
31,512825;9,629;0,02;R
31,513496;9,601;0,02;R
31,514168;9,573;0,019;R
31,514839;9,627;0,019;R
31,51551;9,556;0,019;R
31,516182;9,55;0,02;R
31,516853;9,583;0,02;R
31,518485;9,637;0,02;R
31,519804;9,583;0,021;R
31,520464;9,715;0,019;R
31,522443;9,706;0,019;R
31,523103;9,641;0,019;R
31,523774;9,651;0,019;R
31,524422;9,629;0,022;R
31,525094;9,62;0,02;R
31,525753;9,641;0,018;R
31,526425;9,644;0,019;R
31,527096;9,628;0,019;R
31,527767;9,641;0,018;R
31,528439;9,618;0,018;R
31,52911;9,616;0,019;R
31,529781;9,637;0,018;R
31,530453;9,65;0,018;R
31,531124;9,653;0,018;R
31,531795;9,583;0,019;R
31,532466;9,649;0,018;R
31,533138;9,641;0,017;R
31,533809;9,625;0,018;R
31,53448;9,644;0,018;R
31,535152;9,624;0,019;R
31,535811;9,655;0,018;R
31,536483;9,631;0,019;R
31,537154;9,64;0,019;R
31,537825;9,621;0,02;R
31,538496;9,645;0,018;R
31,539179;9,613;0,018;R
31,539839;9,651;0,017;R
31,540499;9,59;0,019;R
31,54117;9,637;0,018;R
31,541841;9,641;0,018;R
31,542513;9,591;0,018;R
31,543184;9,66;0,018;R
31,543844;9,631;0,018;R
31,544503;9,656;0,019;R
31,545175;9,611;0,018;R
31,545846;9,635;0,02;R
31,546529;9,614;0,019;R
31,547189;9,596;0,018;R
31,547837;9,638;0,017;R
31,548496;9,613;0,018;R
31,549168;9,55;0,018;R
31,549851;9,64;0,017;R
31,55051;9,639;0,018;R
31,551182;9,664;0,019;R
31,551853;9,663;0,018;R
31,552524;9,656;0,018;R
31,553207;9,643;0,018;R
31,553878;9,714;0,018;R
31,55455;9,59;0,02;R
31,55469;9,592;0,06;R
32,13611;9,631;0,001;R
32,461483;9,41;0,024;R
32,462142;9,512;0,022;R
32,462814;9,556;0,022;R
32,463462;9,425;0,024;R
32,464133;9,485;0,021;R
32,464793;9,454;0,023;R
32,465453;9,489;0,024;R
32,466124;9,44;0,024;R
32,466784;9,493;0,022;R
32,467455;9,46;0,023;R
32,468126;9,435;0,022;R
32,468786;9,435;0,023;R
32,469446;9,474;0,02;R
32,470117;9,465;0,023;R
32,470777;9,464;0,021;R
32,471436;9,45;0,021;R
32,472084;9,466;0,021;R
32,472756;9,398;0,022;R
32,473427;9,501;0,021;R
32,474087;9,513;0,021;R
32,474746;9,514;0,02;R
32,475418;9,498;0,022;R
32,476078;9,462;0,021;R
32,476737;9,479;0,021;R
32,477409;9,465;0,024;R
32,478068;9,482;0,023;R
32,47874;9,469;0,023;R
32,479399;9,458;0,022;R
32,480071;9,47;0,022;R
32,480753;9,47;0,02;R
32,481413;9,488;0,018;R
32,482084;9,49;0,019;R
32,482744;9,469;0,021;R
32,483404;9,475;0,02;R
32,484075;9,553;0,02;R
32,484746;9,425;0,019;R
32,485406;9,454;0,02;R
32,486066;9,431;0,02;R
32,486737;9,47;0,02;R
32,487397;9,47;0,02;R
32,488068;9,5;0,018;R
32,48874;9,447;0,019;R
32,489411;9,511;0,019;R
32,490071;9,463;0,02;R
32,490742;9,45;0,02;R
32,491413;9,44;0,022;R
32,492073;9,513;0,02;R
32,492744;9,469;0,018;R
32,493404;9,452;0,02;R
32,494075;9,489;0,02;R
32,494735;9,505;0,019;R
32,495395;9,512;0,02;R
32,496078;9,538;0,02;R
32,496737;9,463;0,02;R
32,497409;9,484;0,02;R
32,49808;9,447;0,023;R
32,498751;9,5;0,021;R
32,499422;9,509;0,021;R
32,500094;9,455;0,021;R
32,500765;9,466;0,022;R
32,501425;9,51;0,019;R
32,502084;9,492;0,02;R
32,502756;9,444;0,021;R
32,503427;9,452;0,022;R
32,504087;9,474;0,021;R
32,504758;9,52;0,019;R
32,505429;9,507;0,02;R
32,506101;9,54;0,019;R
32,506772;9,459;0,019;R
32,507443;9,476;0,02;R
32,508115;9,476;0,021;R
32,508786;9,529;0,02;R
32,509457;9,538;0,019;R
32,510128;9,476;0,021;R
32,5108;9,481;0,019;R
32,511459;9,443;0,018;R
32,512119;9,466;0,02;R
32,51279;9,487;0,019;R
32,51345;9,529;0,018;R
32,514121;9,519;0,019;R
32,515094;9,703;0,019;R
32,515753;9,648;0,018;R
32,516413;9,585;0,019;R
32,517073;9,548;0,02;R
32,517733;9,578;0,02;R
32,519133;9,545;0,018;R
32,519793;9,564;0,019;R
32,520453;9,579;0,018;R
32,521124;9,529;0,019;R
32,521784;9,57;0,018;R
32,522443;9,506;0,019;R
32,523103;9,542;0,018;R
32,523763;9,576;0,018;R
32,524434;9,531;0,018;R
32,525094;9,542;0,019;R
32,525765;9,516;0,019;R
32,526436;9,562;0,018;R
32,527108;9,513;0,019;R
32,527779;9,507;0,019;R
32,52845;9,515;0,018;R
32,529121;9,519;0,019;R
32,530453;9,531;0,019;R
32,531124;9,533;0,017;R
32,531795;9,517;0,018;R
32,532466;9,499;0,018;R
32,533138;9,605;0,017;R
32,533797;9,53;0,018;R
32,534469;9,52;0,018;R
32,535152;9,595;0,018;R
32,535823;9,532;0,018;R
32,536494;9,619;0,017;R
32,537165;9,505;0,02;R
32,537837;9,503;0,018;R
32,538496;9,469;0,018;R
32,539156;9,546;0,018;R
32,539828;9,541;0,019;R
32,540499;9,494;0,018;R
32,541182;9,53;0,018;R
32,541853;9,524;0,017;R
32,542524;9,592;0,017;R
32,543196;9,444;0,019;R
32,543855;9,486;0,018;R
32,544527;9,541;0,018;R
32,545186;9,546;0,018;R
32,545846;9,561;0,018;R
32,546506;9,506;0,019;R
32,547189;9,508;0,018;R
32,54786;9,518;0,019;R
32,548531;9,53;0,018;R
32,549203;9,512;0,018;R
32,549874;9,526;0,018;R
32,550534;9,536;0,019;R
32,551193;9,541;0,017;R
32,551853;9,501;0,018;R
33,458693;9,634;0,018;R
33,459353;9,596;0,019;R
33,460013;9,629;0,019;R
33,460672;9,615;0,018;R
33,461332;9,63;0,018;R
33,461992;9,624;0,019;R
33,462652;9,648;0,016;R
33,463323;9,618;0,018;R
33,463994;9,645;0,017;R
33,464665;9,596;0,019;R
33,465337;9,619;0,018;R
33,466008;9,653;0,019;R
33,466668;9,628;0,018;R
33,467339;9,632;0,02;R
33,467999;9,608;0,019;R
33,46867;9,656;0,017;R
33,469353;9,651;0,018;R
33,470013;9,617;0,019;R
33,470672;9,644;0,018;R
33,471332;9,621;0,018;R
33,472015;9,636;0,018;R
33,472675;9,643;0,018;R
33,473346;9,657;0,018;R
33,474017;9,661;0,018;R
33,474689;9,625;0,019;R
33,47536;9,638;0,018;R
33,476031;9,645;0,019;R
33,476703;9,67;0,017;R
33,477374;9,632;0,018;R
33,478045;9,649;0,018;R
33,478716;9,653;0,019;R
33,479376;9,671;0,018;R
33,480047;9,678;0,017;R
33,480719;9,627;0,019;R
33,481378;9,686;0,018;R
33,482038;9,64;0,019;R
33,482709;9,649;0,019;R
33,483369;9,657;0,019;R
33,48404;9,641;0,018;R
33,484712;9,649;0,018;R
33,485371;9,62;0,018;R
33,486043;9,646;0,018;R
33,486714;9,673;0,018;R
33,487385;9,646;0,019;R
33,488057;9,639;0,019;R
33,488716;9,618;0,017;R
33,489388;9,653;0,017;R
33,490059;9,657;0,017;R
33,49073;9,641;0,016;R
33,491402;9,649;0,017;R
33,492073;9,669;0,016;R
33,492744;9,677;0,017;R
33,493415;9,669;0,016;R
33,494087;9,638;0,017;R
33,494758;9,648;0,017;R
33,495429;9,637;0,017;R
33,496101;9,665;0,016;R
33,49676;9,658;0,016;R
33,49742;9,66;0,017;R
33,498091;9,674;0,016;R
33,498763;9,664;0,017;R
33,499422;9,67;0,016;R
33,500094;9,667;0,016;R
33,500765;9,683;0,016;R
33,501448;9,653;0,016;R
33,502119;9,669;0,017;R
33,50279;9,63;0,016;R
33,503462;9,684;0,016;R
33,504121;9,666;0,016;R
33,504793;9,67;0,017;R
33,505476;9,649;0,016;R
33,506147;9,64;0,017;R
33,506818;9,676;0,016;R
33,50749;9,67;0,016;R
33,508161;9,659;0,016;R
33,508832;9,691;0,016;R
33,509503;9,702;0,016;R
33,510163;9,666;0,017;R
33,510823;9,689;0,016;R
33,511494;9,684;0,016;R
33,512455;9,735;0,016;R
33,513126;9,684;0,017;R
33,513797;9,668;0,017;R
33,51448;9,692;0,017;R
33,51514;9,673;0,017;R
33,5158;9,707;0,017;R
33,517027;9,698;0,016;R
33,517698;9,693;0,016;R
33,518358;9,684;0,016;R
33,519029;9,683;0,016;R
33,5197;9,662;0,017;R
33,520371;9,661;0,016;R
33,521043;9,701;0,016;R
33,521714;9,682;0,016;R
33,522374;9,675;0,016;R
33,523045;9,676;0,016;R
33,523705;9,664;0,017;R
33,524376;9,692;0,016;R
33,525047;9,66;0,016;R
33,525707;9,689;0,016;R
33,526367;9,667;0,016;R
33,527027;9,677;0,016;R
33,527698;9,685;0,016;R
33,528381;9,664;0,016;R
33,529052;9,68;0,016;R
33,529723;9,689;0,016;R
33,530395;9,69;0,016;R
33,531066;9,633;0,017;R
33,531737;9,708;0,016;R
33,532397;9,702;0,016;R
33,533068;9,652;0,017;R
33,533751;9,668;0,016;R
33,534422;9,673;0,016;R
33,535094;9,626;0,017;R
33,535765;9,669;0,016;R
33,536436;9,676;0,016;R
33,537108;9,703;0,016;R
33,537767;9,667;0,016;R
33,538439;9,663;0,017;R
33,53911;9,68;0,016;R
33,539781;9,698;0,016;R
33,540453;9,695;0,016;R
33,541124;9,731;0,015;R
33,541795;9,696;0,016;R
33,542466;9,725;0,015;R
33,543138;9,675;0,017;R
33,543809;9,694;0,016;R
33,544492;9,705;0,015;R
33,545152;9,676;0,016;R
33,545834;9,701;0,016;R
33,546517;9,697;0,016;R
33,547177;9,706;0,016;R
33,547848;9,73;0,015;R
33,54852;9,672;0,017;R
33,549191;9,671;0,017;R
33,94663;9,855;0,001;R
33,94899;9,836;0,001;R
33,9519;9,29;0,003;R
33,99252;9,851;0,002;R
33,99493;9,855;0,001;R
34,05713;9,749;0,002;R
34,05949;9,71;0,002;R
34,10155;9,661;0,002;R
34,10388;9,75;0,002;R
34,14808;9,709;0,002;R
34,455858;9,718;0,019;R
34,456529;9,778;0,016;R
34,457189;9,741;0,017;R
34,457837;9,714;0,017;R
34,458508;9,708;0,018;R
34,459168;9,723;0,017;R
34,459828;9,773;0,016;R
34,460487;9,729;0,016;R
34,461147;9,736;0,017;R
34,461807;9,748;0,017;R
34,462466;9,712;0,017;R
34,463138;9,754;0,017;R
34,463797;9,711;0,017;R
34,464469;9,748;0,017;R
34,46514;9,749;0,017;R
34,465811;9,744;0,017;R
34,466471;9,772;0,016;R
34,467131;9,765;0,017;R
34,467802;9,73;0,017;R
34,468485;9,743;0,017;R
34,469145;9,718;0,017;R
34,469816;9,777;0,017;R
34,470476;9,803;0,016;R
34,471135;9,743;0,017;R
34,471818;9,722;0,017;R
34,472478;9,76;0,016;R
34,473149;9,755;0,017;R
34,473809;9,753;0,017;R
34,47448;9,731;0,017;R
34,47514;9,715;0,017;R
34,475811;9,73;0,017;R
34,476471;9,731;0,018;R
34,477154;9,752;0,017;R
34,477814;9,743;0,017;R
34,478485;9,76;0,017;R
34,479145;9,686;0,018;R
34,479816;9,754;0,017;R
34,480476;9,759;0,016;R
34,481147;9,757;0,016;R
34,481807;9,728;0,017;R
34,482466;9,774;0,016;R
34,483138;9,75;0,016;R
34,483797;9,73;0,016;R
34,484457;9,743;0,017;R
34,485128;9,747;0,016;R
34,4858;9,707;0,017;R
34,486459;9,754;0,016;R
34,487131;9,729;0,016;R
34,48779;9,712;0,016;R
34,48845;9,717;0,017;R
34,48911;9,74;0,017;R
34,48977;9,728;0,016;R
34,490441;9,721;0,016;R
34,491112;9,726;0,017;R
34,491784;9,752;0,016;R
34,492455;9,718;0,016;R
34,493115;9,727;0,016;R
34,493786;9,737;0,016;R
34,494434;9,774;0,016;R
34,495105;9,719;0,017;R
34,495765;9,76;0,017;R
34,496425;9,737;0,017;R
34,497096;9,741;0,017;R
34,497756;9,754;0,016;R
34,498415;9,715;0,017;R
34,499087;9,745;0,016;R
34,499758;9,742;0,016;R
34,500418;9,727;0,017;R
34,501089;9,763;0,016;R
34,501749;9,735;0,017;R
34,502409;9,74;0,016;R
34,503068;9,745;0,017;R
34,503728;9,77;0,017;R
34,504399;9,709;0,017;R
34,505071;9,7;0,017;R
34,50573;9,748;0,016;R
34,506402;9,738;0,017;R
34,507073;9,747;0,017;R
34,507733;9,725;0,016;R
34,508404;9,747;0,016;R
34,509365;9,784;0,017;R
34,510024;9,758;0,017;R
34,510696;9,775;0,017;R
34,511355;9,744;0,018;R
34,512027;9,761;0,017;R
34,512698;9,801;0,016;R
34,514214;9,752;0,017;R
34,514885;9,737;0,017;R
34,515545;9,768;0,016;R
34,516216;9,775;0,016;R
34,516876;9,793;0,016;R
34,517536;9,753;0,017;R
34,518207;9,735;0,017;R
34,518867;9,766;0,016;R
34,519527;9,758;0,017;R
34,520186;9,72;0,017;R
34,520858;9,76;0,016;R
34,521517;9,727;0,017;R
34,522189;9,723;0,017;R
34,522848;9,744;0,017;R
34,52352;9,773;0,016;R
34,524191;9,75;0,016;R
34,524862;9,78;0,016;R
34,525534;9,754;0,017;R
34,526193;9,76;0,016;R
34,526865;9,737;0,017;R
34,527524;9,77;0,016;R
34,528196;9,76;0,016;R
34,528867;9,771;0,016;R
34,529538;9,747;0,016;R
34,530209;9,769;0,016;R
34,530881;9,748;0,016;R
34,53154;9,77;0,016;R
34,532212;9,781;0,016;R
34,532871;9,761;0,016;R
34,533531;9,736;0,017;R
34,534191;9,752;0,016;R
34,534862;9,731;0,017;R
34,535534;9,76;0,016;R
34,536205;9,747;0,016;R
34,536876;9,716;0,016;R
34,537536;9,74;0,016;R
34,538219;9,755;0,016;R
34,538878;9,764;0,016;R
34,539538;9,751;0,016;R
34,540198;9,744;0,017;R
34,540869;9,753;0,016;R
34,54154;9,758;0,016;R
34,542212;9,754;0,016;R
34,542883;9,771;0,016;R
34,543554;9,728;0,016;R
34,544226;9,695;0,016;R
34,544885;9,738;0,016;R
34,545557;9,752;0,016;R
34,546216;9,74;0,016;R
34,96901;9,681;0,002;R
34,97151;9,143;0,003;R
35,01247;9,623;0,001;R
35,05779;9,65;0,001;R
35,10153;9,639;0,001;R
35,14564;9,584;0,002;R
35,453091;9,662;0,018;R
35,45374;9,658;0,02;R
35,454411;9,634;0,018;R
35,455071;9,675;0,02;R
35,455719;9,707;0,019;R
35,45639;9,661;0,02;R
35,45705;9,656;0,02;R
35,457709;9,656;0,02;R
35,458369;9,648;0,019;R
35,459017;9,676;0,021;R
35,459689;9,692;0,019;R
35,460348;9,692;0,018;R
35,460996;9,68;0,019;R
35,461668;9,663;0,018;R
35,462328;9,632;0,019;R
35,462999;9,678;0,02;R
35,463659;9,675;0,018;R
35,464318;9,653;0,019;R
35,464978;9,688;0,018;R
35,465615;9,674;0,019;R
35,466286;9,659;0,019;R
35,466946;9,669;0,019;R
35,467617;9,642;0,02;R
35,468277;9,64;0,018;R
35,468936;9,676;0,018;R
35,469596;9,639;0,018;R
35,470267;9,691;0,019;R
35,470927;9,658;0,019;R
35,471587;9,7;0,017;R
35,472258;9,663;0,018;R
35,472918;9,726;0,018;R
35,473589;9,703;0,018;R
35,474249;9,687;0,018;R
35,474909;9,649;0,018;R
35,475568;9,678;0,018;R
35,476228;9,645;0,019;R
35,476888;9,681;0,019;R
35,477547;9,668;0,018;R
35,478207;9,682;0,019;R
35,478867;9,671;0,018;R
35,479527;9,663;0,018;R
35,480198;9,668;0,018;R
35,480858;9,673;0,019;R
35,481517;9,667;0,018;R
35,482177;9,644;0,017;R
35,482848;9,696;0,019;R
35,48352;9,678;0,019;R
35,484179;9,706;0,018;R
35,484839;9,655;0,02;R
35,48551;9,691;0,032;R
35,48617;9,682;0,016;R
35,48683;9,676;0,019;R
35,48749;9,675;0,017;R
35,488149;9,671;0,016;R
35,488809;9,711;0,019;R
35,489469;9,656;0,017;R
35,490128;9,685;0,042;R
35,4908;9,677;0,034;R
35,491459;9,66;0,017;R
35,492119;9,713;0,017;R
35,49279;9,716;0,017;R
35,49345;9,658;0,018;R
35,49411;9,672;0,021;R
35,494781;9,702;0,018;R
35,495441;9,689;0,018;R
35,496112;9,671;0,021;R
35,496784;9,674;0,017;R
35,497443;9,708;0,017;R
35,498103;9,692;0,017;R
35,498774;9,684;0,017;R
35,499434;9,675;0,017;R
35,500105;9,637;0,017;R
35,500765;9,663;0,018;R
35,501425;9,696;0,017;R
35,502084;9,692;0,02;R
35,502744;9,678;0,017;R
35,503415;9,67;0,016;R
35,504075;9,678;0,016;R
35,504735;9,659;0,017;R
35,505406;9,674;0,017;R
35,506066;9,635;0,017;R
35,507038;9,681;0,017;R
35,507709;9,702;0,02;R
35,508381;9,694;0,018;R
35,50904;9,71;0,018;R
35,509712;9,696;0,02;R
35,510371;9,651;0,019;R
35,511402;9,677;0,018;R
35,512061;9,665;0,017;R
35,512733;9,658;0,018;R
35,513404;9,617;0,018;R
35,514075;9,689;0,017;R
35,514723;9,679;0,024;R
35,515395;9,642;0,02;R
35,516066;9,639;0,019;R
35,516737;9,669;0,02;R
35,517409;9,663;0,022;R
35,51808;9,658;0,022;R
35,518751;9,685;0,026;R
35,519422;9,71;0,027;R
35,520094;9,658;0,037;R
35,520765;9,71;0,03;R
35,521413;9,662;0,021;R
35,522073;9,637;0,025;R
35,522744;9,61;0,023;R
35,523415;9,639;0,02;R
35,524087;9,698;0,027;R
35,524758;9,601;0,049;R
35,525429;9,708;0,028;R
35,526101;9,635;0,026;R
35,52676;9,685;0,038;R
35,527432;9,682;0,022;R
35,528091;9,688;0,017;R
35,528751;9,698;0,018;R
35,529422;9,634;0,026;R
35,530094;9,679;0,018;R
35,530765;9,671;0,026;R
35,531436;9,644;0,034;R
35,532108;9,62;0,018;R
35,532779;9,664;0,017;R
35,53345;9,695;0,019;R
35,534121;9,66;0,02;R
35,534793;9,638;0,022;R
35,535464;9,661;0,021;R
35,536124;9,668;0,021;R
35,536807;9,654;0,027;R
35,537478;9,641;0,028;R
35,538138;9,668;0,033;R
35,538797;9,646;0,027;R
35,539457;9,648;0,024;R
35,540117;9,695;0,032;R
35,540777;9,677;0,024;R
35,541448;9,658;0,025;R
35,542119;9,667;0,029;R
35,54279;9,697;0,022;R
35,54345;9,633;0,021;R
35,84676;9,589;0,002;R
35,84973;9,062;0,003;R
35,89178;9,623;0,001;R
35,93559;9,59;0,001;R
35,97918;9,643;0,001;R
36,02314;9,531;0,001;R
36,06697;9,595;0,001;R
36,11925;9,55;0,001;R
37,00609;9,779;0,002;R
37,00982;9,138;0,003;R
37,08225;9,677;0,002;R
37,12626;9,684;0,002;R
37,18443;9,638;0,002;R
37,520453;9,836;0,019;R
37,521112;9,795;0,02;R
37,521784;9,759;0,02;R
37,522432;9,873;0,018;R
37,523091;9,805;0,019;R
37,523751;9,778;0,019;R
37,524422;9,776;0,019;R
37,525071;9,764;0,02;R
37,52573;9,821;0,018;R
37,526402;9,804;0,018;R
37,52705;9,845;0,017;R
37,527721;9,822;0,017;R
37,528404;9,794;0,018;R
37,529052;9,76;0,018;R
37,529723;9,767;0,018;R
37,530371;9,821;0,017;R
37,531031;9,798;0,017;R
37,531691;9,803;0,017;R
37,532351;9,779;0,017;R
37,533022;9,801;0,017;R
37,53367;9,812;0,018;R
37,534341;9,773;0,018;R
37,53499;9,815;0,018;R
37,535649;9,779;0,019;R
37,536297;9,767;0,019;R
37,536957;9,769;0,018;R
37,537686;9,764;0,018;R
37,538346;9,77;0,017;R
37,539017;9,776;0,017;R
37,539665;9,79;0,017;R
37,540314;9,802;0,017;R
37,540973;9,811;0,017;R
37,541633;9,808;0,017;R
37,542293;9,805;0,018;R
37,542941;9,81;0,017;R
37,543589;9,809;0,018;R
37,544249;9,781;0,018;R
37,544909;9,801;0,018;R
37,545568;9,811;0,016;R
37,546205;9,746;0,018;R
37,546865;9,772;0,017;R
37,547524;9,804;0,017;R
37,548184;9,781;0,034;R
37,548855;9,794;0,036;R
37,549515;9,8;0,037;R
37,550175;9,812;0,038;R
37,550834;9,817;0,033;R
37,551471;9,78;0,033;R
37,552119;9,787;0,032;R
37,552779;9,829;0,034;R
37,553439;9,785;0,017;R
37,554098;9,803;0,017;R
37,554758;9,775;0,017;R
37,555418;9,793;0,017;R
37,556078;9,807;0,018;R
37,556726;9,81;0,017;R
37,557374;9,809;0,019;R
37,558022;9,809;0,017;R
37,558659;9,771;0,017;R
37,559318;9,759;0,017;R
37,559978;9,796;0,017;R
37,560649;9,792;0,016;R
37,561309;9,825;0,016;R
37,561969;9,809;0,016;R
37,562628;9,82;0,017;R
37,563288;9,798;0,016;R
37,563948;9,845;0,018;R
37,564608;9,812;0,018;R
37,565267;9,811;0,017;R
37,565927;9,793;0,017;R
37,566587;9,819;0,018;R
37,567246;9,787;0,018;R
37,567906;9,806;0,037;R
37,568566;9,773;0,039;R
37,569226;9,803;0,039;R
37,569885;9,832;0,039;R
37,570545;9,854;0,035;R
37,571205;9,794;0,042;R
37,571853;9,835;0,04;R
37,572524;9,853;0,038;R
37,573172;9,788;0,041;R
37,573821;9,821;0,039;R
37,574457;9,797;0,04;R
37,575117;9,817;0,04;R
37,575777;9,809;0,039;R
37,576448;9,812;0,017;R
37,577108;9,786;0,018;R
37,577756;9,798;0,018;R
37,578404;9,787;0,017;R
37,579064;9,777;0,017;R
37,579723;9,831;0,017;R
37,580371;9,824;0,018;R
37,58102;9,791;0,017;R
37,581679;9,825;0,017;R
37,582339;9,836;0,016;R
37,582999;9,816;0,016;R
37,583682;9,796;0,017;R
37,584341;9,791;0,017;R
37,58499;9,814;0,016;R
37,585638;9,775;0,017;R
37,586309;9,815;0,016;R
37,586969;9,815;0,016;R
37,58764;9,807;0,017;R
37,588311;9,798;0,016;R
37,588983;9,798;0,016;R
37,589665;9,8;0,016;R
37,590325;9,825;0,016;R
37,590996;9,842;0,016;R
37,591668;9,803;0,016;R
37,592339;9,814;0,016;R
37,593022;9,843;0,016;R
37,593682;9,802;0,017;R
37,594353;9,822;0,017;R
37,595024;9,806;0,016;R
37,595696;9,751;0,017;R
37,596378;9,786;0,017;R
37,597038;9,848;0,016;R
37,597709;9,811;0,017;R
37,598392;9,83;0,016;R
37,599052;9,815;0,016;R
37,599712;9,785;0,016;R
37,600371;9,793;0,016;R
37,90726;9,841;0,002;R
37,90961;9,883;0,002;R
38,444758;9,887;0,018;R
38,445406;9,927;0,017;R
38,446066;9,895;0,017;R
38,446726;9,902;0,017;R
38,447385;9,94;0,016;R
38,448045;9,908;0,017;R
38,448705;9,913;0,017;R
38,449365;9,882;0,017;R
38,450024;9,915;0,017;R
38,450696;9,905;0,018;R
38,451344;9,941;0,017;R
38,452003;9,9;0,017;R
38,452663;9,911;0,019;R
38,453323;9,93;0,017;R
38,453971;9,875;0,02;R
38,454631;9,895;0,02;R
38,45529;9,939;0,018;R
38,455962;9,913;0,018;R
38,45661;9,915;0,019;R
38,45727;9,952;0,019;R
38,457941;9,934;0,019;R
38,458601;9,928;0,02;R
38,459272;9,928;0,018;R
38,45992;9,961;0,018;R
38,46058;9,92;0,018;R
38,461251;9,938;0,019;R
38,461911;9,93;0,018;R
38,462571;9,915;0,019;R
38,463242;9,904;0,019;R
38,46389;9,916;0,019;R
38,46455;9,92;0,019;R
38,465209;9,94;0,018;R
38,465881;9,928;0,019;R
38,46654;9,932;0,018;R
38,467212;9,935;0,019;R
38,46786;9,949;0,017;R
38,468531;9,897;0,019;R
38,469191;9,942;0,018;R
38,469862;9,939;0,018;R
38,47051;9,953;0,018;R
38,471182;9,943;0,018;R
38,47183;9,92;0,017;R
38,47249;9,913;0,017;R
38,473161;9,913;0,017;R
38,473809;9,948;0,017;R
38,47448;9,932;0,018;R
38,475128;9,957;0,017;R
38,475788;9,896;0,018;R
38,476459;9,917;0,017;R
38,477108;9,932;0,017;R
38,477779;9,941;0,017;R
38,478427;9,964;0,017;R
38,479087;9,915;0,018;R
38,479758;9,922;0,017;R
38,480429;9,918;0,017;R
38,481089;9,939;0,017;R
38,481749;9,929;0,017;R
38,482409;9,931;0,017;R
38,48308;9,962;0,017;R
38,48374;9,95;0,017;R
38,484411;9,922;0,017;R
38,485059;9,925;0,018;R
38,48573;9,916;0,017;R
38,486378;9,977;0,017;R
38,48705;9,935;0,016;R
38,487709;9,946;0,019;R
38,488381;9,929;0,017;R
38,489029;9,918;0,018;R
38,4897;9,883;0,019;R
38,490371;9,925;0,017;R
38,491043;9,931;0,017;R
38,491703;9,961;0,018;R
38,492362;9,891;0,018;R
38,493022;9,905;0,018;R
38,493693;9,91;0,018;R
38,494341;9,86;0,018;R
38,495013;9,891;0,019;R
38,495684;9,919;0,018;R
38,496355;9,965;0,017;R
38,497015;9,935;0,018;R
38,497686;9,901;0,02;R
38,498635;9,957;0,019;R
38,499284;10,031;0,018;R
38,499955;9,969;0,019;R
38,500615;9,909;0,018;R
38,501274;9,98;0,019;R
38,501946;9,95;0,019;R
38,503115;9,949;0,019;R
38,503786;9,964;0,017;R
38,504434;9,93;0,018;R
38,505105;9,956;0,02;R
38,505777;9,937;0,018;R
38,506436;9,941;0,017;R
38,507108;9,999;0,017;R
38,507779;9,938;0,017;R
38,508439;9,929;0,017;R
38,50911;9,92;0,018;R
38,50977;9,98;0,017;R
38,510441;9,93;0,018;R
38,511112;9,945;0,017;R
38,511772;9,946;0,018;R
38,512432;9,916;0,017;R
38,513103;9,966;0,017;R
38,513774;9,953;0,017;R
38,514434;9,957;0,017;R
38,515094;9,955;0,017;R
38,515765;9,937;0,018;R
38,516436;9,931;0,017;R
38,517108;9,928;0,018;R
38,517767;9,949;0,018;R
38,518439;9,978;0,017;R
38,51911;9,941;0,017;R
38,519781;9,946;0,018;R
38,520453;9,955;0,017;R
38,521112;9,96;0,017;R
38,521784;9,927;0,018;R
38,522443;9,934;0,017;R
38,523103;9,938;0,017;R
38,523774;9,942;0,016;R
38,524446;9,958;0,017;R
38,525117;9,94;0,018;R
38,525777;9,968;0,017;R
38,526448;9,974;0,017;R
38,527108;9,955;0,017;R
38,527767;9,942;0,017;R
38,528439;9,955;0,018;R
38,52911;9,96;0,018;R
38,529781;9,948;0,017;R
38,530441;9,959;0,018;R
38,531112;9,941;0,018;R
38,53176;9,971;0,017;R
38,53242;9,965;0,017;R
38,533091;9,933;0,017;R
38,533763;9,927;0,018;R
38,534422;9,971;0,017;R
38,535094;9,946;0,017;R
39,188843;10,311;1,025;R
39,189756;10,257;1,025;R
39,190668;10,235;1,025;R
39,442084;9,976;0,017;R
39,442733;9,977;0,017;R
39,443381;9,949;0,018;R
39,44404;9,955;0,018;R
39,444689;10,002;0,017;R
39,44536;9,943;0,018;R
39,44602;9,986;0,017;R
39,446679;9,962;0,017;R
39,447339;9,961;0,017;R
39,447999;9,997;0,017;R
39,448659;9,951;0,017;R
39,449318;9,989;0,017;R
39,449978;9,953;0,018;R
39,450638;9,973;0,017;R
39,451297;9,94;0,017;R
39,451957;9,952;0,017;R
39,452617;9,982;0,017;R
39,453277;9,976;0,017;R
39,453936;9,986;0,016;R
39,454596;9,99;0,017;R
39,455256;10,012;0,017;R
39,455915;9,991;0,017;R
39,456564;9,995;0,018;R
39,457223;9,948;0,017;R
39,457883;10,026;0,016;R
39,458543;9,997;0,017;R
39,459203;9,944;0,018;R
39,459862;9,967;0,017;R
39,46051;9,965;0,017;R
39,461159;9,965;0,017;R
39,461818;9,993;0,017;R
39,462478;9,986;0,017;R
39,463138;9,988;0,017;R
39,463797;9,97;0,017;R
39,464457;9,99;0,017;R
39,465117;9,952;0,017;R
39,465765;10,02;0,018;R
39,466413;9,983;0,017;R
39,467073;10,007;0,017;R
39,467744;9,997;0,017;R
39,468404;9,975;0,017;R
39,469052;9,953;0,018;R
39,469712;9,997;0,017;R
39,470371;9,998;0,018;R
39,471043;9,972;0,017;R
39,471691;10,015;0,016;R
39,472351;9,98;0,016;R
39,473022;9,981;0,017;R
39,473682;10,014;0,016;R
39,47433;10,015;0,016;R
39,474978;9,993;0,017;R
39,475638;10,009;0,017;R
39,476309;10,014;0,017;R
39,476969;9,994;0,017;R
39,477628;9,999;0,016;R
39,478288;10,003;0,017;R
39,478959;9,983;0,017;R
39,479619;10,018;0,017;R
39,480279;9,985;0,017;R
39,480939;10,011;0,016;R
39,48161;9,99;0,018;R
39,482258;9,983;0,017;R
39,482918;10,009;0,016;R
39,483589;9,969;0,017;R
39,484249;9,979;0,017;R
39,484897;9,962;0,016;R
39,485568;9,968;0,018;R
39,486216;9,98;0,016;R
39,486876;10,004;0,016;R
39,487547;10,002;0,016;R
39,488207;10,023;0,016;R
39,488855;10,003;0,016;R
39,489515;9,985;0,017;R
39,490186;10,006;0,017;R
39,490834;9,98;0,017;R
39,491506;9,993;0,016;R
39,492165;10,034;0,016;R
39,492825;9,989;0,018;R
39,493496;9,973;0,017;R
39,494145;9,973;0,017;R
39,494804;10,004;0,017;R
39,495753;10,024;0,018;R
39,496425;10,028;0,017;R
39,497084;10,007;0,017;R
39,497744;10,032;0,017;R
39,498415;9,996;0,018;R
39,499075;10,03;0,016;R
39,500314;10,024;0,017;R
39,500985;9,988;0,017;R
39,501633;10,015;0,017;R
39,502304;10,03;0,017;R
39,502964;9,978;0,017;R
39,503624;9,984;0,017;R
39,504295;10,009;0,017;R
39,504943;9,996;0,017;R
39,505615;10,039;0,017;R
39,506274;10,028;0,016;R
39,506946;10,009;0,017;R
39,507594;10,03;0,017;R
39,508265;10,034;0,017;R
39,508925;9,969;0,017;R
39,509596;10,007;0,017;R
39,510267;10,018;0,017;R
39,510915;9,977;0,017;R
39,511587;10,007;0,017;R
39,512258;10,021;0,016;R
39,512906;10,001;0,017;R
39,513578;9,986;0,017;R
39,514237;9,974;0,017;R
39,514909;10,001;0,016;R
39,515568;10,027;0,017;R
39,51624;9,974;0,018;R
39,516911;9,991;0,017;R
39,517571;9,98;0,017;R
39,518242;10,015;0,016;R
39,518902;10,022;0,016;R
39,519561;10,032;0,017;R
39,520233;10,034;0,016;R
39,520892;9,99;0,016;R
39,521564;9,993;0,016;R
39,522212;9,971;0,017;R
39,522883;9,986;0,017;R
39,523543;10,003;0,017;R
39,524203;10,054;0,016;R
39,524874;10,014;0,016;R
39,525534;10,014;0,017;R
39,526193;10,021;0,017;R
39,526865;10,03;0,017;R
39,527524;10,022;0,017;R
39,528196;10,037;0,016;R
39,528867;10,016;0,018;R
39,529527;10,022;0,017;R
39,530186;10,017;0,018;R
39,530846;10,014;0,017;R
39,531517;10,037;0,016;R
39,532189;10,038;0,016;R
39,78205;10,174;0,001;R
39,7843;10,168;0,001;R
39,78653;10,176;0,001;R
39,78876;10,182;0,001;R
39,7932;10,181;0,001;R
39,7977;10,187;0,001;R
39,80219;10,184;0,001;R
39,80439;10,181;0,001;R
39,80658;10,177;0,001;R
39,81098;10,179;0,001;R
39,81311;10,188;0,001;R
39,81766;10,203;0,002;R
40,439272;10,621;0,019;R
40,439932;10,611;0,019;R
40,440603;10,602;0,019;R
40,441251;10,636;0,018;R
40,441911;10,623;0,018;R
40,442582;10,592;0,02;R
40,44323;10,617;0,019;R
40,44389;10,636;0,02;R
40,444561;10,586;0,02;R
40,445209;10,641;0,019;R
40,445881;10,597;0,02;R
40,446529;10,624;0,019;R
40,447189;10,64;0,019;R
40,44786;10,607;0,02;R
40,448508;10,668;0,019;R
40,449168;10,622;0,02;R
40,449839;10,626;0,02;R
40,45051;10,632;0,019;R
40,451159;10,639;0,019;R
40,45183;10,657;0,019;R
40,452478;10,641;0,019;R
40,453149;10,617;0,02;R
40,453797;10,602;0,02;R
40,454469;10,646;0,019;R
40,455128;10,616;0,02;R
40,455788;10,646;0,02;R
40,456459;10,627;0,019;R
40,457108;10,631;0,019;R
40,457779;10,591;0,02;R
40,458427;10,632;0,02;R
40,459087;10,654;0,019;R
40,459758;10,621;0,02;R
40,460429;10,621;0,02;R
40,461089;10,627;0,02;R
40,46176;10,624;0,019;R
40,46242;10,62;0,019;R
40,463091;10,642;0,019;R
40,46374;10,631;0,019;R
40,464399;10,683;0,018;R
40,465071;10,62;0,019;R
40,46573;10,628;0,02;R
40,466402;10,628;0,019;R
40,467084;10,646;0,018;R
40,467733;10,645;0,019;R
40,468404;10,609;0,02;R
40,469075;10,639;0,019;R
40,469735;10,629;0,02;R
40,470395;10,596;0,018;R
40,471066;10,601;0,019;R
40,471714;10,633;0,02;R
40,472385;10,64;0,02;R
40,473034;10,645;0,019;R
40,473705;10,613;0,018;R
40,474353;10,597;0,018;R
40,475024;10,596;0,019;R
40,475684;10,59;0,018;R
40,476355;10,691;0,018;R
40,477015;10,688;0,017;R
40,477686;10,675;0,017;R
40,478346;10,608;0,018;R
40,479006;10,614;0,017;R
40,479665;10,598;0,018;R
40,480325;10,644;0,018;R
40,480996;10,631;0,018;R
40,481668;10,681;0,017;R
40,482328;10,685;0,017;R
40,482987;10,671;0,017;R
40,483659;10,629;0,017;R
40,484318;10,665;0,017;R
40,48499;10,629;0,018;R
40,485649;10,627;0,018;R
40,486309;10,653;0,018;R
40,486969;10,619;0,018;R
40,487617;10,623;0,018;R
40,488288;10,62;0,018;R
40,488959;10,626;0,018;R
40,489631;10,613;0,017;R
40,49029;10,666;0,019;R
40,490962;10,656;0,018;R
40,491621;10,641;0,018;R
40,492281;10,643;0,017;R
40,493242;10,662;0,018;R
40,493913;10,675;0,018;R
40,494584;10,634;0,018;R
40,495256;10,67;0,017;R
40,495915;10,703;0,018;R
40,497559;10,615;0,018;R
40,498219;10,644;0,018;R
40,49889;10,654;0,018;R
40,499561;10,652;0,017;R
40,500221;10,654;0,018;R
40,500892;10,627;0,018;R
40,501552;10,671;0,018;R
40,502223;10,654;0,019;R
40,502883;10,618;0,019;R
40,503543;10,664;0,018;R
40,504203;10,635;0,018;R
40,504874;10,661;0,018;R
40,505545;10,626;0,018;R
40,506216;10,658;0,018;R
40,506876;10,663;0,018;R
40,507536;10,642;0,018;R
40,508207;10,683;0,017;R
40,508878;10,625;0,018;R
40,509538;10,659;0,017;R
40,510209;10,677;0,018;R
40,510881;10,675;0,018;R
40,51154;10,643;0,018;R
40,5122;10,633;0,018;R
40,512871;10,646;0,018;R
40,513543;10,657;0,018;R
40,514214;10,661;0,017;R
40,514874;10,692;0,018;R
40,515534;10,666;0,018;R
40,516193;10,638;0,018;R
40,516865;10,658;0,017;R
40,517536;10,664;0,017;R
40,518207;10,652;0,017;R
40,518878;10,652;0,018;R
40,51955;10,676;0,017;R
40,520221;10,653;0,018;R
40,520881;10,611;0,018;R
40,521552;10,665;0,018;R
40,522223;10,658;0,018;R
40,522895;10,698;0,018;R
40,523554;10,687;0,017;R
40,524214;10,669;0,017;R
40,524874;10,662;0,017;R
40,525545;10,644;0,017;R
40,526216;10,64;0,017;R
40,526888;10,65;0,018;R
40,527559;10,672;0,017;R
40,52823;10,653;0,017;R
40,528902;10,655;0,018;R
40,52955;10,633;0,017;R
40,78721;10,622;0,002;R
40,78952;10,617;0,002;R
40,79184;10,621;0,002;R
40,79416;10,621;0,002;R
40,79652;10,627;0,002;R
40,79887;10,629;0,002;R
40,80116;10,621;0,002;R
40,80342;10,624;0,002;R
40,80561;10,62;0,002;R
40,80785;10,629;0,002;R
40,81014;10,673;0,002;R
40,83455;10,628;0,002;R
40,83686;10,623;0,002;R
40,83914;10,618;0,002;R
40,84144;10,632;0,003;R
40,84369;10,626;0,002;R
41,436448;10,671;0,018;R
41,437108;10,626;0,018;R
41,437767;10,639;0,018;R
41,438427;10,659;0,018;R
41,439087;10,633;0,019;R
41,439746;10,601;0,019;R
41,440418;10,659;0,018;R
41,441078;10,69;0,018;R
41,441749;10,635;0,019;R
41,442397;10,651;0,019;R
41,443068;10,659;0,019;R
41,443716;10,703;0,017;R
41,444376;10,671;0,019;R
41,445047;10,681;0,017;R
41,445707;10,676;0,018;R
41,446378;10,627;0,019;R
41,447027;10,646;0,019;R
41,447698;10,623;0,018;R
41,448346;10,648;0,018;R
41,449006;10,675;0,018;R
41,449677;10,685;0,018;R
41,450325;10,644;0,018;R
41,450985;10,639;0,018;R
41,451656;10,645;0,019;R
41,452304;10,686;0,018;R
41,452953;10,666;0,018;R
41,453624;10,674;0,018;R
41,454272;10,635;0,018;R
41,454943;10,657;0,018;R
41,455591;10,634;0,018;R
41,456251;10,691;0,018;R
41,456922;10,644;0,018;R
41,457582;10,658;0,017;R
41,458253;10,637;0,018;R
41,458913;10,646;0,018;R
41,459584;10,7;0,018;R
41,460256;10,661;0,018;R
41,460904;10,665;0,017;R
41,461575;10,645;0,019;R
41,462235;10,663;0,018;R
41,462906;10,643;0,019;R
41,463578;10,653;0,018;R
41,464226;10,653;0,019;R
41,464874;10,629;0,018;R
41,465545;10,69;0,018;R
41,466216;10,641;0,018;R
41,466865;10,638;0,018;R
41,467536;10,622;0,019;R
41,468184;10,686;0,018;R
41,468855;10,637;0,019;R
41,469503;10,652;0,018;R
41,470175;10,652;0,018;R
41,470834;10,661;0,017;R
41,471494;10,647;0,019;R
41,472165;10,62;0,019;R
41,472837;10,644;0,019;R
41,473496;10,618;0,019;R
41,474168;10,616;0,018;R
41,474816;10,618;0,018;R
41,475487;10,658;0,018;R
41,476147;10,651;0,018;R
41,476818;10,672;0,018;R
41,47749;10,662;0,018;R
41,478138;10,619;0,018;R
41,478809;10,65;0,018;R
41,479457;10,638;0,019;R
41,480128;10,612;0,018;R
41,480777;10,648;0,019;R
41,481448;10,636;0,018;R
41,482096;10,632;0,019;R
41,482767;10,644;0,019;R
41,483439;10,613;0,019;R
41,48411;10,615;0,018;R
41,48477;10,662;0,018;R
41,485429;10,627;0,018;R
41,486101;10,641;0,018;R
41,486772;10,639;0,018;R
41,48742;10,632;0,018;R
41,488091;10,627;0,019;R
41,48874;10,62;0,018;R
41,489411;10,659;0,018;R
41,490371;10,652;0,018;R
41,491054;10,686;0,019;R
41,491726;10,694;0,018;R
41,492385;10,659;0,018;R
41,493057;10,647;0,018;R
41,493728;10,675;0,019;R
41,494746;10,684;0,018;R
41,495406;10,648;0,018;R
41,496078;10,634;0,019;R
41,496737;10,666;0,018;R
41,497409;10,639;0,018;R
41,49808;10,642;0,018;R
41,498728;10,653;0,018;R
41,499399;10,643;0,018;R
41,500071;10,63;0,018;R
41,500742;10,631;0,018;R
41,501402;10,666;0,018;R
41,502073;10,618;0,017;R
41,502744;10,654;0,018;R
41,503404;10,614;0,02;R
41,504075;10,624;0,019;R
41,504735;10,621;0,018;R
41,505406;10,629;0,018;R
41,506078;10,621;0,018;R
41,506749;10,637;0,018;R
41,50742;10,634;0,018;R
41,50808;10,604;0,018;R
41,50874;10,646;0,017;R
41,509411;10,655;0,018;R
41,510082;10,677;0,018;R
41,510742;10,645;0,018;R
41,511413;10,65;0,018;R
41,512073;10,634;0,018;R
41,512744;10,639;0,017;R
41,513415;10,635;0,017;R
41,514075;10,648;0,018;R
41,514735;10,661;0,018;R
41,515406;10,636;0,018;R
41,516078;10,667;0,017;R
41,516737;10,654;0,018;R
41,517409;10,673;0,018;R
41,51808;10,667;0,017;R
41,518751;10,631;0,018;R
41,519422;10,636;0,017;R
41,520094;10,653;0,018;R
41,520765;10,617;0,017;R
41,521436;10,66;0,017;R
41,522096;10,663;0,017;R
41,522767;10,637;0,017;R
41,523439;10,652;0,017;R
41,524098;10,622;0,018;R
41,52477;10,67;0,018;R
41,525441;10,638;0,018;R
41,526112;10,625;0,018;R
41,526772;10,652;0,018;R
41,78963;10,505;0,002;R
41,7919;10,498;0,002;R
41,79416;10,488;0,002;R
41,7964;10,499;0,002;R
41,79865;10,493;0,002;R
41,80089;10,473;0,002;R
41,80559;10,478;0,002;R
41,80785;10,498;0,002;R
41,81007;10,492;0,002;R
41,81227;10,486;0,002;R
41,81441;10,495;0,002;R
41,81653;10,495;0,002;R
41,81862;10,481;0,002;R
41,8208;10,489;0,002;R
41,82303;10,487;0,002;R
41,82523;10,481;0,002;R
41,82743;10,497;0,002;R
41,85765;10,513;0,002;R
41,86058;9,919;0,003;R
41,90472;10,522;0,003;R
41,90764;9,921;0,004;R
42,02117;10,163;0,005;R
42,02408;9,74;0,007;R
42,06594;9,983;0,008;R
42,06884;9,585;0,012;R
42,11847;9,941;0,011;R
42,12139;9,651;0,017;R
42,16462;9,963;0,03;R
42,433659;10,396;0,02;R
42,434318;10,404;0,02;R
42,43499;10,432;0,02;R
42,435638;10,385;0,02;R
42,436297;10,424;0,018;R
42,436969;10,437;0,018;R
42,437628;10,422;0,018;R
42,4383;10,362;0,019;R
42,438959;10,39;0,018;R
42,439631;10,423;0,018;R
42,44029;10,394;0,018;R
42,440939;10,431;0,017;R
42,44161;10,415;0,017;R
42,442258;10,382;0,019;R
42,442929;10,387;0,018;R
42,443589;10,43;0,018;R
42,444237;10,434;0,018;R
42,444909;10,464;0,018;R
42,445557;10,405;0,018;R
42,446228;10,408;0,02;R
42,446876;10,45;0,019;R
42,447547;10,397;0,02;R
42,448196;10,45;0,02;R
42,448867;10,391;0,019;R
42,449527;10,449;0,02;R
42,450198;10,382;0,02;R
42,450858;10,418;0,019;R
42,451506;10,397;0,02;R
42,452177;10,429;0,019;R
42,452825;10,384;0,018;R
42,453496;10,42;0,018;R
42,454156;10,39;0,02;R
42,454804;10,376;0,02;R
42,455476;10,407;0,019;R
42,456135;10,401;0,019;R
42,456795;10,375;0,019;R
42,457466;10,385;0,019;R
42,458126;10,386;0,019;R
42,458797;10,368;0,02;R
42,459446;10,435;0,019;R
42,460117;10,407;0,019;R
42,460777;10,388;0,019;R
42,461448;10,387;0,018;R
42,462096;10,41;0,018;R
42,462767;10,406;0,018;R
42,463415;10,37;0,019;R
42,464087;10,399;0,018;R
42,464746;10,43;0,018;R
42,465418;10,422;0,017;R
42,466078;10,405;0,018;R
42,466737;10,383;0,018;R
42,467397;10,418;0,017;R
42,468068;10,398;0,017;R
42,468716;10,362;0,018;R
42,469388;10,371;0,018;R
42,470059;10,406;0,018;R
42,470719;10,407;0,018;R
42,47139;10,393;0,018;R
42,47205;10,371;0,019;R
42,472709;10,418;0,017;R
42,473369;10,36;0,018;R
42,474017;10,376;0,018;R
42,474677;10,377;0,018;R
42,475348;10,39;0,018;R
42,476008;10,408;0,018;R
42,476668;10,391;0,018;R
42,477328;10,396;0,017;R
42,477987;10,386;0,017;R
42,478647;10,409;0,018;R
42,479318;10,391;0,017;R
42,479978;10,375;0,017;R
42,480638;10,369;0,018;R
42,481297;10,389;0,017;R
42,481969;10,367;0,017;R
42,482628;10,381;0,018;R
42,483288;10,405;0,017;R
42,483948;10,385;0,017;R
42,484608;10,398;0,018;R
42,485279;10,392;0,017;R
42,485939;10,379;0,017;R
42,48661;10,392;0,017;R
42,487559;10,388;0,018;R
42,48823;10,383;0,018;R
42,48889;10,362;0,018;R
42,489561;10,381;0,018;R
42,490233;10,398;0,018;R
42,490892;10,386;0,017;R
42,49205;10,374;0,017;R
42,492721;10,378;0,017;R
42,493392;10,357;0,018;R
42,494052;10,36;0,017;R
42,494712;10,369;0,017;R
42,495383;10,369;0,017;R
42,496054;10,381;0,018;R
42,496714;10,388;0,017;R
42,497385;10,375;0,018;R
42,498045;10,405;0,017;R
42,498716;10,365;0,018;R
42,499376;10,389;0,018;R
42,500047;10,372;0,017;R
42,500719;10,352;0,017;R
42,501378;10,4;0,017;R
42,50205;10,377;0,017;R
42,502709;10,351;0,018;R
42,503369;10,386;0,017;R
42,50404;10,371;0,018;R
42,504712;10,369;0,017;R
42,505371;10,366;0,018;R
42,506043;10,344;0,018;R
42,506703;10,367;0,017;R
42,507374;10,354;0,018;R
42,508045;10,361;0,017;R
42,508705;10,352;0,018;R
42,509376;10,373;0,017;R
42,510047;10,321;0,018;R
42,510707;10,352;0,018;R
42,511378;10,354;0,018;R
42,512038;10,348;0,018;R
42,512709;10,359;0,017;R
42,513392;10,325;0,017;R
42,514064;10,325;0,017;R
42,514735;10,405;0,017;R
42,515406;10,369;0,017;R
42,516066;10,368;0,017;R
42,516726;10,339;0,017;R
42,517385;10,377;0,017;R
42,518057;10,36;0,018;R
42,518716;10,343;0,017;R
42,519376;10,352;0,017;R
42,520036;10,337;0,017;R
42,520719;10,333;0,018;R
42,52139;10,356;0,018;R
42,522061;10,364;0,017;R
42,522733;10,37;0,017;R
42,523404;10,294;0,018;R
42,524075;10,399;0,017;R
43,01476;9,974;0,002;R
43,01799;9,423;0,005;R
43,0709;9,784;0,003;R
43,07395;9,357;0,008;R
43,11637;9,764;0,003;R
43,11954;9,275;0,009;R
43,16158;9,82;0,004;R
43,16475;9,13;0,014;R
43,43095;9,876;0,019;R
43,431598;9,855;0,019;R
43,432258;9,89;0,019;R
43,432918;9,871;0,02;R
43,433578;9,901;0,019;R
43,434237;9,887;0,019;R
43,434909;9,896;0,019;R
43,435557;9,858;0,02;R
43,436216;9,85;0,022;R
43,436876;9,848;0,021;R
43,437536;9,909;0,019;R
43,438207;9,895;0,02;R
43,438855;9,909;0,021;R
43,439515;9,904;0,019;R
43,440175;9,884;0,019;R
43,440846;9,842;0,02;R
43,441506;9,863;0,02;R
43,442165;9,866;0,02;R
43,442837;9,883;0,019;R
43,443496;9,875;0,019;R
43,444179;9,89;0,019;R
43,444828;9,909;0,019;R
43,445487;9,882;0,019;R
43,446147;9,907;0,019;R
43,446818;9,87;0,019;R
43,447466;9,931;0,019;R
43,448138;9,888;0,02;R
43,448786;9,894;0,019;R
43,449446;9,895;0,02;R
43,450117;9,867;0,019;R
43,450765;9,87;0,019;R
43,451436;9,89;0,018;R
43,452084;9,895;0,02;R
43,452756;9,874;0,019;R
43,453415;9,86;0,019;R
43,454075;9,866;0,02;R
43,454746;9,848;0,02;R
43,455395;9,861;0,02;R
43,456066;9,867;0,019;R
43,456726;9,892;0,02;R
43,457397;9,865;0,019;R
43,458057;9,869;0,019;R
43,458728;9,859;0,02;R
43,459388;9,908;0,018;R
43,460059;9,874;0,019;R
43,46073;9,893;0,018;R
43,461378;9,871;0,02;R
43,46205;9,878;0,018;R
43,462698;9,87;0,018;R
43,463369;9,873;0,017;R
43,464017;9,924;0,017;R
43,464689;9,913;0,017;R
43,465337;9,871;0,018;R
43,466008;9,859;0,017;R
43,466679;9,895;0,017;R
43,467328;9,87;0,018;R
43,467999;9,909;0,018;R
43,468647;9,873;0,018;R
43,469318;9,845;0,018;R
43,469978;9,88;0,017;R
43,470649;9,894;0,018;R
43,471321;9,891;0,017;R
43,471969;9,902;0,018;R
43,47264;9,857;0,018;R
43,473311;9,905;0,017;R
43,473971;9,88;0,017;R
43,474631;9,868;0,018;R
43,475302;9,856;0,018;R
43,475973;9,874;0,018;R
43,476621;9,862;0,018;R
43,477293;9,889;0,018;R
43,477964;9,881;0,017;R
43,478612;9,876;0,017;R
43,479284;9,892;0,017;R
43,479932;9,871;0,018;R
43,480603;9,887;0,018;R
43,481274;9,847;0,018;R
43,481922;9,856;0,018;R
43,482594;9,888;0,017;R
43,483265;9,892;0,017;R
43,483913;9,833;0,018;R
43,484897;9,861;0,018;R
43,485568;9,877;0,018;R
43,48624;9,901;0,017;R
43,486911;9,87;0,02;R
43,487582;9,886;0,019;R
43,489214;9,862;0,018;R
43,489874;9,848;0,018;R
43,490534;9,844;0,018;R
43,491205;9,872;0,018;R
43,491853;9,857;0,018;R
43,492524;9,849;0,018;R
43,493196;9,871;0,018;R
43,493855;9,848;0,018;R
43,494515;9,858;0,019;R
43,495175;9,845;0,018;R
43,495834;9,852;0,019;R
43,496494;9,881;0,018;R
43,497154;9,859;0,018;R
43,497825;9,88;0,017;R
43,498485;9,836;0,018;R
43,499156;9,851;0,018;R
43,499828;9,836;0,018;R
43,500487;9,824;0,017;R
43,501159;9,872;0,018;R
43,501818;9,904;0,017;R
43,502478;9,87;0,017;R
43,503138;9,868;0,018;R
43,503809;9,828;0,018;R
43,504469;9,871;0,018;R
43,50514;9,876;0,018;R
43,5058;9,783;0,018;R
43,506471;9,848;0,018;R
43,507131;9,885;0,017;R
43,507802;9,851;0,018;R
43,508473;9,888;0,017;R
43,509145;9,854;0,018;R
43,509816;9,877;0,018;R
43,510487;9,878;0,018;R
43,511147;9,869;0,018;R
43,511818;9,878;0,018;R
43,512478;9,874;0,017;R
43,513149;9,879;0,017;R
43,513809;9,899;0,017;R
43,514469;9,87;0,018;R
43,515128;9,865;0,017;R
43,515788;9,841;0,018;R
43,516459;9,88;0,018;R
43,517131;9,856;0,017;R
43,51779;9,859;0,018;R
43,518462;9,847;0,017;R
43,519121;9,844;0,018;R
43,519793;9,846;0,018;R
43,520464;9,869;0,017;R
43,521124;9,861;0,017;R
43,54007;9,665;0,001;R
43,54428;9,667;0,001;R
43,54843;9,653;0,001;R
43,55262;9,641;0,001;R
43,55685;9,648;0,001;R
43,56115;9,64;0,001;R
43,56535;9,64;0,001;R
43,56954;9,628;0,001;R
43,57382;9,625;0,001;R
43,57809;9,624;0,001;R
44,05;9,129;0,018;R
44,428103;9,812;0,023;R
44,428751;9,793;0,022;R
44,429399;9,798;0,022;R
44,430047;9,788;0,021;R
44,430696;9,827;0,022;R
44,431344;9,772;0,023;R
44,432003;9,77;0,022;R
44,432663;9,787;0,023;R
44,433323;9,779;0,022;R
44,433994;9,786;0,021;R
44,434642;9,782;0,022;R
44,43529;9,84;0,021;R
44,43595;9,862;0,021;R
44,436621;9,793;0,023;R
44,437281;9,808;0,023;R
44,437929;9,781;0,022;R
44,438589;9,827;0,021;R
44,43926;9,736;0,023;R
44,43992;9,799;0,023;R
44,44058;9,81;0,022;R
44,441228;9,794;0,022;R
44,441888;9,788;0,022;R
44,442559;9,792;0,022;R
44,443207;9,808;0,022;R
44,443855;9,784;0,021;R
44,444503;9,809;0,022;R
44,445175;9,769;0,022;R
44,445834;9,815;0,022;R
44,446483;9,873;0,021;R
44,447142;9,782;0,023;R
44,447802;9,773;0,022;R
44,448473;9,807;0,022;R
44,449133;9,778;0,022;R
44,449793;9,787;0,022;R
44,450464;9,779;0,022;R
44,451112;9,816;0,02;R
44,451772;9,799;0,022;R
44,452443;9,819;0,021;R
44,453091;9,823;0,022;R
44,453751;9,828;0,021;R
44,454422;9,791;0,022;R
44,455071;9,766;0,023;R
44,455719;9,815;0,021;R
44,456378;9,778;0,023;R
44,45705;9,808;0,022;R
44,457698;9,772;0,023;R
44,458369;9,791;0,023;R
44,459017;9,82;0,022;R
44,459665;9,771;0,023;R
44,460325;9,84;0,022;R
44,460996;9,773;0,023;R
44,461645;9,804;0,022;R
44,462316;9,788;0,022;R
44,462976;9,79;0,021;R
44,463624;9,772;0,022;R
44,464295;9,771;0,022;R
44,464943;9,79;0,022;R
44,465615;9,792;0,022;R
44,466274;9,798;0,021;R
44,466922;9,8;0,023;R
44,467594;9,772;0,022;R
44,468242;9,801;0,023;R
44,468913;9,829;0,022;R
44,469573;9,8;0,023;R
44,470221;9,791;0,023;R
44,470892;9,795;0,023;R
44,47154;9,774;0,025;R
44,472189;9,804;0,023;R
44,47286;9,691;0,022;R
44,47352;9,753;0,024;R
44,474168;9,814;0,022;R
44,474839;9,791;0,022;R
44,475487;9,833;0,022;R
44,476159;9,799;0,021;R
44,476818;9,819;0,022;R
44,477478;9,795;0,022;R
44,478149;9,838;0,022;R
44,478821;9,789;0,022;R
44,47948;9,787;0,021;R
44,48014;9,773;0,023;R
44,4808;9,821;0,021;R
44,481448;9,799;0,022;R
44,482409;9,782;0,025;R
44,48308;9,854;0,023;R
44,48374;9,838;0,022;R
44,484411;9,831;0,026;R
44,485071;9,836;0,024;R
44,486413;9,808;0,023;R
44,487061;9,786;0,021;R
44,487733;9,767;0,024;R
44,488381;9,817;0,024;R
44,489052;9,803;0,022;R
44,489712;9,809;0,023;R
44,490371;9,839;0,023;R
44,491031;9,758;0,023;R
44,491691;9,828;0,022;R
44,492351;9,819;0,022;R
44,49301;9,784;0,023;R
44,493682;9,829;0,022;R
44,494341;9,808;0,023;R
44,49499;9,846;0,022;R
44,495661;9,847;0,021;R
44,496321;9,864;0,021;R
44,496992;9,832;0,021;R
44,497652;9,804;0,022;R
44,498311;9,838;0,021;R
44,498983;9,811;0,021;R
44,499642;9,807;0,022;R
44,500302;9,82;0,021;R
44,500973;9,802;0,023;R
44,501633;9,801;0,023;R
44,502304;9,84;0,021;R
44,502953;9,78;0,023;R
44,503624;9,813;0,022;R
44,504272;9,824;0,021;R
44,504943;9,825;0,022;R
44,505603;9,799;0,023;R
44,506263;9,785;0,022;R
44,506934;9,76;0,023;R
44,507605;9,823;0,022;R
44,508265;9,804;0,022;R
44,508936;9,753;0,022;R
44,509596;9,761;0,022;R
44,510267;9,775;0,022;R
44,510939;9,787;0,022;R
44,511598;9,814;0,022;R
44,512258;9,818;0,022;R
44,512918;9,822;0,022;R
44,513589;9,832;0,021;R
44,514249;9,849;0,02;R
44,51492;9,788;0,022;R
44,51558;9,812;0,021;R
44,516251;9,781;0,023;R
44,516911;9,824;0,021;R
44,517571;9,815;0,022;R
44,51823;9,805;0,021;R
45,425325;9,832;0,022;R
45,425996;9,827;0,023;R
45,426645;9,833;0,02;R
45,427304;9,847;0,019;R
45,427964;9,826;0,02;R
45,428635;9,864;0,02;R
45,429295;9,801;0,02;R
45,429943;9,893;0,019;R
45,430591;9,832;0,02;R
45,431251;9,864;0,019;R
45,431911;9,836;0,02;R
45,432559;9,814;0,021;R
45,433219;9,84;0,02;R
45,43389;9,825;0,02;R
45,434538;9,839;0,02;R
45,435198;9,827;0,02;R
45,435869;9,854;0,019;R
45,436517;9,825;0,02;R
45,437165;9,852;0,02;R
45,437825;9,842;0,02;R
45,438496;9,869;0,02;R
45,439145;9,856;0,019;R
45,439804;9,91;0,019;R
45,440464;9,874;0,02;R
45,441135;9,844;0,02;R
45,441784;9,851;0,02;R
45,442443;9,876;0,02;R
45,443115;9,852;0,02;R
45,443774;9,841;0,02;R
45,444422;9,878;0,018;R
45,445082;9,809;0,02;R
45,445753;9,853;0,019;R
45,446402;9,859;0,02;R
45,447073;9,895;0,019;R
45,447733;9,832;0,019;R
45,448381;9,853;0,019;R
45,449052;9,843;0,019;R
45,449712;9,848;0,019;R
45,450371;9,839;0,019;R
45,451031;9,851;0,02;R
45,451703;9,879;0,02;R
45,452351;9,852;0,02;R
45,453022;9,854;0,02;R
45,45367;9,889;0,019;R
45,454341;9,9;0,018;R
45,45499;9,851;0,02;R
45,455638;9,85;0,019;R
45,456309;9,88;0,019;R
45,456957;9,879;0,02;R
45,457628;9,818;0,02;R
45,458277;9,869;0,018;R
45,458936;9,894;0,019;R
45,459608;9,832;0,02;R
45,460256;9,847;0,019;R
45,460927;9,826;0,02;R
45,461587;9,872;0,02;R
45,462258;9,917;0,019;R
45,462918;9,873;0,019;R
45,463589;9,849;0,021;R
45,464249;9,872;0,019;R
45,46492;9,904;0,02;R
45,46558;9,847;0,019;R
45,466251;9,887;0,02;R
45,466899;9,858;0,019;R
45,467571;9,877;0,02;R
45,468219;9,853;0,02;R
45,46889;9,874;0,019;R
45,46955;9,885;0,019;R
45,470221;9,918;0,019;R
45,470881;9,881;0,02;R
45,471552;9,861;0,019;R
45,472212;9,875;0,02;R
45,472883;9,85;0,02;R
45,473543;9,833;0,02;R
45,474214;9,884;0,019;R
45,474862;9,818;0,021;R
45,475534;9,863;0,02;R
45,476182;9,865;0,02;R
45,476853;9,886;0,02;R
45,477501;9,845;0,02;R
45,478172;9,844;0,022;R
45,478832;9,878;0,019;R
45,479781;9,888;0,021;R
45,480453;9,864;0,02;R
45,481101;9,898;0,02;R
45,481772;9,897;0,02;R
45,482443;9,917;0,02;R
45,483659;9,875;0,02;R
45,48433;9,911;0,019;R
45,484978;9,842;0,021;R
45,485638;9,877;0,02;R
45,486297;9,881;0,02;R
45,486969;9,875;0,02;R
45,48764;9,889;0,019;R
45,488288;9,86;0,02;R
45,488959;9,87;0,02;R
45,489631;9,852;0,02;R
45,490279;9,861;0,02;R
45,49095;9,845;0,021;R
45,491598;9,891;0,02;R
45,49227;9,845;0,021;R
45,492918;9,891;0,019;R
45,493589;9,891;0,019;R
45,49426;9,856;0,02;R
45,494909;9,903;0,019;R
45,49558;9,877;0,02;R
45,496251;9,86;0,019;R
45,496911;9,875;0,019;R
45,497571;9,849;0,021;R
45,498242;9,903;0,019;R
45,498902;9,885;0,02;R
45,499573;9,886;0,02;R
45,500233;9,881;0,02;R
45,500904;9,873;0,02;R
45,501564;9,853;0,02;R
45,502223;9,894;0,02;R
45,502895;9,871;0,021;R
45,503566;9,824;0,02;R
45,504226;9,904;0,02;R
45,504897;9,852;0,02;R
45,505568;9,839;0,02;R
45,506228;9,885;0,02;R
45,506899;9,885;0,02;R
45,507559;9,892;0,019;R
45,50823;9,894;0,019;R
45,50889;9,877;0,019;R
45,509561;9,839;0,02;R
45,510221;9,903;0,02;R
45,510892;9,889;0,018;R
45,511552;9,867;0,02;R
45,512223;9,849;0,02;R
45,512895;9,887;0,02;R
45,513554;9,895;0,019;R
45,514226;9,864;0,019;R
45,514885;9,852;0,021;R
45,515557;9,844;0,019;R
46,422559;10,18;0,021;R
46,423219;10,164;0,021;R
46,423867;10,115;0,021;R
46,424527;10,134;0,021;R
46,425186;10,152;0,02;R
46,425846;10,151;0,02;R
46,426506;10,13;0,02;R
46,427165;10,171;0,02;R
46,427825;10,111;0,021;R
46,428485;10,175;0,019;R
46,429133;10,145;0,019;R
46,429793;10,147;0,019;R
46,430453;10,125;0,02;R
46,431124;10,124;0,021;R
46,431784;10,113;0,021;R
46,432443;10,134;0,02;R
46,433091;10,107;0,021;R
46,433751;10,13;0,02;R
46,434422;10,135;0,02;R
46,435082;10,135;0,02;R
46,43573;10,168;0,02;R
46,436402;10,145;0,021;R
46,437061;10,144;0,019;R
46,437733;10,159;0,02;R
46,438392;10,12;0,02;R
46,439052;10,152;0,021;R
46,439723;10,116;0,019;R
46,440395;10,159;0,019;R
46,441054;10,149;0,019;R
46,441714;10,16;0,019;R
46,442374;10,131;0,02;R
46,443034;10,117;0,02;R
46,443693;10,135;0,019;R
46,444341;10,134;0,019;R
46,445024;10,126;0,02;R
46,445684;10,147;0,019;R
46,446344;10,101;0,02;R
46,447003;10,144;0,019;R
46,447663;10,127;0,019;R
46,448323;10,119;0,021;R
46,448983;10,161;0,019;R
46,449654;10,117;0,02;R
46,450314;10,113;0,02;R
46,450985;10,152;0,019;R
46,451645;10,139;0,02;R
46,452316;10,138;0,019;R
46,452976;10,16;0,019;R
46,453647;10,164;0,021;R
46,454318;10,13;0,019;R
46,45499;10,131;0,021;R
46,455638;10,137;0,02;R
46,456309;10,122;0,019;R
46,456957;10,154;0,02;R
46,457617;10,121;0,02;R
46,458277;10,147;0,019;R
46,458936;10,158;0,019;R
46,459608;10,128;0,021;R
46,460279;10,144;0,02;R
46,460927;10,096;0,02;R
46,461587;10,193;0,019;R
46,462246;10,143;0,019;R
46,462906;10,122;0,02;R
46,463566;10,172;0,019;R
46,464226;10,102;0,02;R
46,464897;10,146;0,019;R
46,465557;10,158;0,019;R
46,466216;10,163;0,019;R
46,466876;10,127;0,019;R
46,467536;10,168;0,018;R
46,468196;10,136;0,018;R
46,468855;10,165;0,019;R
46,469515;10,15;0,018;R
46,470186;10,156;0,019;R
46,470846;10,171;0,018;R
46,471517;10,155;0,019;R
46,472177;10,148;0,019;R
46,472837;10,148;0,018;R
46,473496;10,124;0,019;R
46,474156;10,156;0,019;R
46,474816;10,155;0,018;R
46,475487;10,144;0,018;R
46,476448;10,173;0,019;R
46,477108;10,187;0,019;R
46,477767;10,153;0,019;R
46,478439;10,155;0,02;R
46,479098;10,179;0,019;R
46,47977;10,18;0,02;R
46,480441;10,188;0,018;R
46,48161;10,203;0,018;R
46,48227;10,111;0,018;R
46,482929;10,205;0,018;R
46,483601;10,187;0,017;R
46,484249;10,159;0,018;R
46,48492;10,172;0,019;R
46,485591;10,14;0,019;R
46,486251;10,169;0,019;R
46,486922;10,156;0,018;R
46,487594;10,138;0,019;R
46,488253;10,147;0,019;R
46,488925;10,149;0,018;R
46,489584;10,153;0,018;R
46,490244;10,185;0,018;R
46,490915;10,136;0,018;R
46,491587;10,161;0,018;R
46,492235;10,152;0,018;R
46,492906;10,158;0,018;R
46,493578;10,135;0,018;R
46,494226;10,149;0,018;R
46,494897;10,199;0,018;R
46,495568;10,124;0,019;R
46,496216;10,165;0,018;R
46,496888;10,098;0,019;R
46,497559;10,14;0,018;R
46,498207;10,154;0,018;R
46,498878;10,135;0,018;R
46,499538;10,135;0,019;R
46,500209;10,169;0,018;R
46,500881;10,11;0,019;R
46,501552;10,155;0,017;R
46,502223;10,11;0,019;R
46,502871;10,183;0,017;R
46,503543;10,151;0,018;R
46,504214;10,132;0,019;R
46,504862;10,17;0,018;R
46,505545;10,12;0,018;R
46,506205;10,093;0,019;R
46,506876;10,129;0,019;R
46,507536;10,143;0,017;R
46,508196;10,163;0,018;R
46,508844;10,154;0,018;R
46,509515;10,136;0,019;R
46,510186;10,164;0,018;R
46,510858;10,155;0,017;R
46,511529;10,145;0,018;R
46,5122;10,159;0,018;R
46,51286;10,15;0,018;R
47,39118;10,155;0,004;R
47,39471;10,132;0,007;R
47,39828;10,18;0,01;R
47,40173;9,936;0,047;R
47,40868;10,092;0,004;R
47,41226;10,097;0,005;R
47,4158;10,119;0,002;R
47,4193;10,129;0,002;R
47,41977;10,289;0,02;R
47,420429;10,313;0,019;R
47,421101;10,291;0,018;R
47,42176;10,283;0,019;R
47,42242;10,293;0,018;R
47,42274;10,099;0,002;R
47,42308;10,252;0,019;R
47,423751;10,31;0,018;R
47,424399;10,278;0,018;R
47,425059;10,25;0,018;R
47,42573;10,279;0,018;R
47,42639;10,286;0,018;R
47,427038;10,262;0,018;R
47,427709;10,296;0,018;R
47,428369;10,255;0,018;R
47,429017;10,25;0,019;R
47,429689;10,307;0,018;R
47,430348;10,281;0,019;R
47,43102;10,23;0,019;R
47,431679;10,342;0,018;R
47,432328;10,259;0,017;R
47,432999;10,263;0,018;R
47,433659;10,285;0,018;R
47,434307;10,286;0,017;R
47,434978;10,243;0,019;R
47,435638;10,266;0,018;R
47,436286;10,279;0,018;R
47,436957;10,297;0,018;R
47,437617;10,295;0,018;R
47,438288;10,267;0,018;R
47,438948;10,274;0,018;R
47,439596;10,294;0,018;R
47,440267;10,294;0,018;R
47,440915;10,279;0,019;R
47,441575;10,285;0,019;R
47,442235;10,318;0,018;R
47,442895;10,268;0,018;R
47,443554;10,281;0,017;R
47,444203;10,264;0,018;R
47,444874;10,313;0,017;R
47,445522;10,243;0,018;R
47,446193;10,282;0,017;R
47,446853;10,292;0,017;R
47,447524;10,312;0,018;R
47,448184;10,287;0,018;R
47,448844;10,257;0,018;R
47,449515;10,245;0,019;R
47,450175;10,25;0,019;R
47,450846;10,234;0,018;R
47,451494;10,302;0,017;R
47,452165;10,309;0,017;R
47,452814;10,211;0,02;R
47,453485;10,245;0,018;R
47,454145;10,27;0,018;R
47,454816;10,261;0,018;R
47,455476;10,252;0,019;R
47,456135;10,259;0,017;R
47,456795;10,255;0,017;R
47,457443;10,287;0,018;R
47,458115;10,268;0,017;R
47,458774;10,298;0,017;R
47,459434;10,242;0,018;R
47,460105;10,259;0,018;R
47,460777;10,251;0,018;R
47,461436;10,255;0,018;R
47,462108;10,281;0,017;R
47,462779;10,254;0,018;R
47,463439;10,259;0,018;R
47,46411;10,27;0,017;R
47,464781;10,276;0,017;R
47,465441;10,27;0,018;R
47,466101;10,281;0,017;R
47,46676;10,292;0,017;R
47,46742;10,23;0,018;R
47,46808;10,276;0,017;R
47,46874;10,257;0,018;R
47,469411;10,247;0,018;R
47,470071;10,256;0,018;R
47,47073;10,28;0,017;R
47,47139;10,27;0,018;R
47,47205;10,289;0,017;R
47,472709;10,282;0,017;R
47,473369;10,303;0,018;R
47,474318;10,258;0,019;R
47,474978;10,286;0,019;R
47,475649;10,275;0,018;R
47,476309;10,288;0,019;R
47,47698;10,256;0,018;R
47,477652;10,309;0,017;R
47,478832;10,281;0,018;R
47,479503;10,27;0,017;R
47,480163;10,245;0,018;R
47,480823;10,244;0,019;R
47,481494;10,253;0,017;R
47,482154;10,281;0,018;R
47,482814;10,256;0,018;R
47,483473;10,243;0,018;R
47,484145;10,265;0,018;R
47,484816;10,235;0,018;R
47,485476;10,274;0,017;R
47,486135;10,289;0,017;R
47,486807;10,309;0,017;R
47,487466;10,314;0,017;R
47,488126;10,282;0,017;R
47,488786;10,255;0,018;R
47,489457;10,307;0,018;R
47,490117;10,257;0,018;R
47,490777;10,28;0,017;R
47,491448;10,298;0,017;R
47,492108;10,275;0,018;R
47,492767;10,321;0,017;R
47,493439;10,328;0,017;R
47,49411;10,281;0,017;R
47,49477;10,261;0,018;R
47,495429;10,266;0,017;R
47,496101;10,31;0,017;R
47,496772;10,305;0,017;R
47,49742;10,307;0,017;R
47,49808;10,243;0,019;R
47,49874;10,298;0,017;R
47,499411;10,278;0,018;R
47,500082;10,299;0,018;R
47,50073;10,29;0,017;R
47,50139;10,264;0,018;R
47,502061;10,329;0,018;R
47,502721;10,31;0,018;R
47,503369;10,323;0,017;R
47,504029;10,307;0,018;R
47,5047;10,291;0,018;R
47,505371;10,301;0,017;R
47,50602;10,287;0,017;R
47,506679;10,3;0,017;R
47,507351;10,275;0,018;R
47,508022;10,31;0,017;R
47,508693;10,284;0,018;R
47,509365;10,297;0,017;R
47,510036;10,308;0,018;R
48,417015;10,242;0,019;R
48,417675;10,255;0,019;R
48,418323;10,249;0,018;R
48,418983;10,232;0,019;R
48,419642;10,253;0,018;R
48,420302;10,199;0,02;R
48,420962;10,229;0,02;R
48,421621;10,253;0,02;R
48,42227;10,295;0,019;R
48,422918;10,244;0,02;R
48,423566;10,24;0,02;R
48,424226;10,265;0,02;R
48,424885;10,243;0,02;R
48,425545;10,232;0,02;R
48,426205;10,213;0,022;R
48,426888;10,232;0,02;R
48,427547;10,241;0,019;R
48,428207;10,245;0,019;R
48,428867;10,241;0,02;R
48,429538;10,266;0,017;R
48,430186;10,241;0,017;R
48,430834;10,204;0,018;R
48,431483;10,238;0,017;R
48,432142;10,252;0,017;R
48,432814;10,244;0,018;R
48,433473;10,235;0,017;R
48,434133;10,199;0,018;R
48,434804;10,22;0,018;R
48,435453;10,254;0,017;R
48,436101;10,258;0,018;R
48,436749;10,228;0,017;R
48,437409;10,246;0,017;R
48,438068;10,206;0,018;R
48,43874;10,196;0,018;R
48,439388;10,207;0,018;R
48,440047;10,223;0,017;R
48,440707;10,211;0,017;R
48,441378;10,219;0,017;R
48,442027;10,234;0,018;R
48,442686;10,207;0,018;R
48,443358;10,233;0,018;R
48,444017;10,22;0,018;R
48,444665;10,221;0,018;R
48,445314;10,24;0,017;R
48,445985;10,238;0,017;R
48,446645;10,24;0,018;R
48,447304;10,248;0,017;R
48,447953;10,209;0,018;R
48,448624;10,242;0,018;R
48,449284;10,206;0,018;R
48,449943;10,257;0,018;R
48,450615;10,212;0,018;R
48,451263;10,241;0,017;R
48,451934;10,246;0,017;R
48,452594;10,243;0,017;R
48,453242;10,231;0,018;R
48,453902;10,228;0,017;R
48,454573;10,261;0,018;R
48,455221;10,219;0,017;R
48,455892;10,216;0,018;R
48,456552;10,244;0,017;R
48,457223;10,223;0,017;R
48,457883;10,243;0,018;R
48,458543;10,234;0,017;R
48,459214;10,189;0,018;R
48,459874;10,241;0,018;R
48,460534;10,234;0,018;R
48,461193;10,257;0,018;R
48,461841;10,22;0,019;R
48,462513;10,228;0,018;R
48,463161;10,263;0,017;R
48,463832;10,21;0,018;R
48,464492;10,234;0,018;R
48,46514;10,232;0,018;R
48,465811;10,234;0,017;R
48,466471;10,24;0,017;R
48,467142;10,251;0,018;R
48,467802;10,237;0,018;R
48,468473;10,245;0,018;R
48,469133;10,277;0,017;R
48,469781;10,226;0,017;R
48,470453;10,226;0,017;R
48,471402;10,282;0,017;R
48,472061;10,285;0,018;R
48,472733;10,267;0,018;R
48,473392;10,23;0,018;R
48,474052;10,224;0,018;R
48,474723;10,243;0,019;R
48,476008;10,259;0,017;R
48,476656;10,245;0,018;R
48,477328;10,259;0,017;R
48,477976;10,254;0,018;R
48,478647;10,21;0,018;R
48,479307;10,233;0,017;R
48,479966;10,225;0,017;R
48,480638;10,226;0,017;R
48,481297;10,26;0,017;R
48,481969;10,256;0,017;R
48,482628;10,241;0,018;R
48,483288;10,25;0,017;R
48,483959;10,252;0,017;R
48,484619;10,234;0,018;R
48,485279;10,245;0,017;R
48,485939;10,264;0,017;R
48,48661;10,272;0,016;R
48,48727;10,216;0,018;R
48,487929;10,194;0,018;R
48,488601;10,189;0,018;R
48,48926;10,237;0,018;R
48,489909;10,249;0,017;R
48,49058;10,222;0,018;R
48,491251;10,246;0,017;R
48,491911;10,223;0,017;R
48,492582;10,241;0,017;R
48,493242;10,252;0,017;R
48,493902;10,237;0,017;R
48,494561;10,218;0,017;R
48,495221;10,246;0,017;R
48,495881;10,175;0,017;R
48,49654;10,223;0,017;R
48,497212;10,244;0,017;R
48,497871;10,211;0,018;R
48,498531;10,215;0,018;R
48,499191;10,204;0,018;R
48,499862;10,205;0,017;R
48,500534;10,185;0,018;R
48,501193;10,233;0,017;R
48,501853;10,196;0,018;R
48,502524;10,218;0,017;R
48,503184;10,218;0,017;R
48,503844;10,248;0,017;R
48,504515;10,235;0,017;R
48,505186;10,218;0,017;R
48,505846;10,245;0,017;R
48,506506;10,218;0,018;R
48,507177;10,214;0,017;R
48,5645;10,04;0,001;R
48,56778;10,035;0,001;R
48,57095;10,021;0,001;R
48,57427;10,03;0,001;R
48,57751;10,037;0,001;R
48,5808;10,031;0,001;R
48,58401;10,034;0,001;R
48,58728;10,034;0,001;R
48,5905;10,032;0,001;R
48,5937;10,036;0,001;R
48,5969;10,037;0,001;R
48,60012;10,046;0,001;R
49,414191;10,222;0,019;R
49,414862;10,187;0,019;R
49,41551;10,163;0,019;R
49,41617;10,206;0,019;R
49,41683;10,187;0,019;R
49,417501;10,212;0,019;R
49,418149;10,161;0,017;R
49,418809;10,197;0,02;R
49,41948;10,151;0,018;R
49,42014;10,152;0,018;R
49,420788;10,179;0,018;R
49,421436;10,176;0,018;R
49,422084;10,2;0,018;R
49,422756;10,194;0,018;R
49,423404;10,185;0,017;R
49,424052;10,208;0,017;R
49,424723;10,16;0,018;R
49,425383;10,157;0,018;R
49,426043;10,152;0,018;R
49,426714;10,207;0,018;R
49,427362;10,168;0,018;R
49,42801;10,194;0,017;R
49,428682;10,159;0,017;R
49,429341;10,156;0,017;R
49,42999;10,202;0,017;R
49,430638;10,198;0,017;R
49,431309;10,168;0,018;R
49,431969;10,161;0,017;R
49,43264;10,181;0,017;R
49,4333;10,181;0,018;R
49,433948;10,157;0,018;R
49,434619;10,171;0,017;R
49,43529;10,177;0,018;R
49,435962;10,156;0,017;R
49,436633;10,193;0,016;R
49,437304;10,127;0,018;R
49,437953;10,149;0,017;R
49,438624;10,13;0,018;R
49,439295;10,185;0,018;R
49,439966;10,175;0,018;R
49,440626;10,202;0,017;R
49,441286;10,17;0,018;R
49,441957;10,172;0,017;R
49,442628;10,226;0,017;R
49,443288;10,159;0,018;R
49,443948;10,131;0,017;R
49,444619;10,15;0,017;R
49,445279;10,204;0,017;R
49,445939;10,176;0,017;R
49,44661;10,169;0,017;R
49,447281;10,155;0,018;R
49,447953;10,15;0,017;R
49,448612;10,155;0,017;R
49,449272;10,193;0,017;R
49,449943;10,143;0,018;R
49,450615;10,162;0,017;R
49,451286;10,177;0,017;R
49,451934;10,145;0,017;R
49,452617;10,185;0,017;R
49,453288;10,167;0,017;R
49,453936;10,179;0,018;R
49,454608;10,173;0,018;R
49,455279;10,175;0,017;R
49,45595;10,207;0,017;R
49,45661;10,175;0,018;R
49,457281;10,171;0,017;R
49,457941;10,18;0,017;R
49,458612;10,172;0,017;R
49,459272;10,161;0,017;R
49,459932;10,17;0,017;R
49,460603;10,18;0,017;R
49,461274;10,192;0,017;R
49,461934;10,205;0,017;R
49,462594;10,15;0,017;R
49,463265;10,175;0,017;R
49,463925;10,179;0,016;R
49,464596;10,163;0,018;R
49,465267;10,144;0,018;R
49,465939;10,14;0,017;R
49,46661;10,217;0,017;R
49,467281;10,168;0,017;R
49,467941;10,159;0,018;R
49,46889;10,221;0,017;R
49,469561;10,147;0,019;R
49,470233;10,196;0,018;R
49,470892;10,19;0,017;R
49,471552;10,189;0,017;R
49,472212;10,228;0,017;R
49,473242;10,181;0,017;R
49,473913;10,183;0,016;R
49,474573;10,157;0,017;R
49,475233;10,159;0,017;R
49,475904;10,204;0,016;R
49,476564;10,162;0,017;R
49,477223;10,199;0,017;R
49,477871;10,198;0,017;R
49,478543;10,185;0,017;R
49,479203;10,188;0,017;R
49,479862;10,153;0,017;R
49,480534;10,177;0,017;R
49,481193;10,159;0,018;R
49,481865;10,173;0,017;R
49,482524;10,171;0,017;R
49,483196;10,167;0,018;R
49,483855;10,17;0,017;R
49,484515;10,177;0,018;R
49,485175;10,167;0,017;R
49,485846;10,179;0,017;R
49,486506;10,172;0,017;R
49,487165;10,202;0,017;R
49,487825;10,183;0,017;R
49,488485;10,184;0,017;R
49,489156;10,18;0,017;R
49,489816;10,192;0,017;R
49,490476;10,176;0,016;R
49,491147;10,129;0,018;R
49,491818;10,185;0,017;R
49,49249;10,199;0,016;R
49,493149;10,173;0,017;R
49,493821;10,202;0,017;R
49,49448;10,182;0,016;R
49,49514;10,166;0,017;R
49,495811;10,179;0,017;R
49,496471;10,193;0,017;R
49,497131;10,138;0,017;R
49,497802;10,169;0,017;R
49,498473;10,204;0,017;R
49,499145;10,178;0,017;R
49,499804;10,165;0,017;R
49,500476;10,178;0,017;R
49,501147;10,215;0,017;R
49,501807;10,185;0,016;R
49,502478;10,156;0,017;R
49,503138;10,209;0,017;R
49,503809;10,181;0,018;R
49,504469;10,183;0,017;R
50,411459;10,296;0,019;R
50,412119;10,285;0,02;R
50,41279;10,272;0,019;R
50,413439;10,306;0,019;R
50,414098;10,305;0,019;R
50,414746;10,323;0,019;R
50,415406;10,273;0,017;R
50,416066;10,302;0,018;R
50,416726;10,339;0,017;R
50,417385;10,314;0,018;R
50,418045;10,284;0,018;R
50,418693;10,279;0,018;R
50,419341;10,295;0,018;R
50,420013;10,34;0,018;R
50,420672;10,296;0,018;R
50,421344;10,31;0,017;R
50,421992;10,297;0,018;R
50,42264;10,298;0,018;R
50,4233;10,341;0,017;R
50,423959;10,304;0,019;R
50,424631;10,295;0,018;R
50,425279;10,309;0,018;R
50,425939;10,33;0,018;R
50,426598;10,292;0,018;R
50,427258;10,311;0,017;R
50,427918;10,331;0,017;R
50,428578;10,329;0,017;R
50,429237;10,305;0,018;R
50,429897;10,324;0,017;R
50,430557;10,338;0,017;R
50,431216;10,298;0,017;R
50,431876;10,371;0,017;R
50,432547;10,28;0,018;R
50,433196;10,277;0,018;R
50,433844;10,328;0,018;R
50,434503;10,284;0,018;R
50,435175;10,294;0,018;R
50,435823;10,274;0,018;R
50,436483;10,304;0,017;R
50,437154;10,311;0,018;R
50,437802;10,268;0,017;R
50,438462;10,315;0,017;R
50,439133;10,333;0,016;R
50,439793;10,302;0,018;R
50,440464;10,317;0,017;R
50,441112;10,3;0,018;R
50,441772;10,291;0,018;R
50,442443;10,284;0,018;R
50,443091;10,283;0,017;R
50,443763;10,298;0,018;R
50,444411;10,321;0,018;R
50,445059;10,331;0,018;R
50,44573;10,318;0,018;R
50,44639;10,274;0,018;R
50,447038;10,341;0,017;R
50,447698;10,298;0,018;R
50,448369;10,327;0,018;R
50,449029;10,267;0,018;R
50,4497;10,324;0,017;R
50,45036;10,291;0,018;R
50,45102;10,302;0,017;R
50,451691;10,26;0,018;R
50,452339;10,287;0,018;R
50,452999;10,283;0,017;R
50,45367;10,311;0,017;R
50,454318;10,299;0,018;R
50,45499;10,284;0,017;R
50,455649;10,304;0,017;R
50,456297;10,294;0,017;R
50,456957;10,303;0,017;R
50,457628;10,322;0,018;R
50,458288;10,292;0,018;R
50,458959;10,309;0,018;R
50,459608;10,292;0,017;R
50,460279;10,294;0,018;R
50,460927;10,315;0,017;R
50,461598;10,285;0,017;R
50,462246;10,304;0,018;R
50,462918;10,327;0,017;R
50,463566;10,329;0,017;R
50,464226;10,313;0,018;R
50,464897;10,327;0,017;R
50,465858;10,329;0,019;R
50,466517;10,359;0,019;R
50,467189;10,325;0,02;R
50,467848;10,353;0,018;R
50,46852;10,325;0,019;R
50,469746;10,291;0,018;R
50,470406;10,305;0,018;R
50,471078;10,307;0,017;R
50,471749;10,285;0,018;R
50,472409;10,308;0,017;R
50,47308;10,349;0,017;R
50,47374;10,312;0,018;R
50,474411;10,318;0,018;R
50,475059;10,3;0,018;R
50,475742;10,298;0,018;R
50,476402;10,298;0,018;R
50,477073;10,308;0,018;R
50,477733;10,304;0,018;R
50,478392;10,346;0,017;R
50,479052;10,323;0,018;R
50,479723;10,339;0,018;R
50,480383;10,312;0,017;R
50,481054;10,334;0,017;R
50,481714;10,329;0,017;R
50,482374;10,301;0,018;R
50,483022;10,328;0,017;R
50,483693;10,282;0,018;R
50,484353;10,319;0,018;R
50,485013;10,294;0,018;R
50,485684;10,308;0,017;R
50,486332;10,31;0,018;R
50,487003;10,336;0,017;R
50,487675;10,311;0,018;R
50,488346;10,299;0,018;R
50,489006;10,314;0,017;R
50,489677;10,313;0,018;R
50,490348;10,283;0,018;R
50,491008;10,327;0,017;R
50,491668;10,287;0,018;R
50,492339;10,324;0,017;R
50,492999;10,324;0,018;R
50,49367;10,35;0,017;R
50,49433;10,32;0,017;R
50,49499;10,317;0,018;R
50,495661;10,317;0,018;R
50,496332;10,391;0,016;R
50,496992;10,294;0,018;R
50,497663;10,335;0,017;R
50,498334;10,299;0,017;R
50,498994;10,325;0,017;R
50,499665;10,32;0,017;R
50,500325;10,309;0,017;R
50,500996;10,339;0,017;R
50,501656;10,318;0,017;R
50,502328;10,319;0,018;R
50,502999;10,271;0,018;R
50,503659;10,311;0,018;R
50,50433;10,325;0,018;R
50,505001;10,316;0,018;R
50,505672;10,31;0,019;R
50,506332;10,346;0,018;R
50,507003;10,311;0,019;R
50,507675;10,308;0,018;R
50,508334;10,268;0,018;R
50,509006;10,314;0,017;R
50,509677;10,314;0,018;R
50,510337;10,275;0,018;R
50,511008;10,274;0,018;R
50,511679;10,291;0,017;R
50,512339;10,306;0,018;R
50,51301;10,302;0,018;R
50,51367;10,301;0,018;R
50,51433;10,322;0,018;R
50,515001;10,337;0,018;R
50,515672;10,306;0,017;R
50,516332;10,297;0,017;R
50,516992;10,333;0,018;R
50,517663;10,302;0,017;R
50,518323;10,305;0,018;R
50,518994;10,318;0,017;R
50,519665;10,309;0,017;R
50,520325;10,28;0,017;R
50,520996;10,28;0,019;R
50,521668;10,325;0,017;R
50,522328;10,334;0,017;R
50,522999;10,298;0,019;R
50,52367;10,285;0,018;R
50,52433;10,348;0,017;R
50,525001;10,34;0,018;R
50,525672;10,32;0,017;R
50,526344;10,32;0,018;R
50,527015;10,311;0,018;R
50,527686;10,319;0,018;R
50,528358;10,329;0,019;R
50,529029;10,306;0,017;R
50,5297;10,304;0,018;R
50,530371;10,338;0,017;R
50,531043;10,349;0,018;R
50,531714;10,314;0,018;R
50,532385;10,305;0,018;R
50,533057;10,341;0,016;R
50,533728;10,311;0,017;R
50,534399;10,298;0,017;R
50,535071;10,303;0,018;R
50,535742;10,313;0,018;R
50,536413;10,326;0,018;R
50,537084;10,302;0,018;R
50,537756;10,328;0,018;R
50,538427;10,352;0,017;R
50,539098;10,33;0,017;R
50,53977;10,316;0,017;R
50,540441;10,309;0,017;R
50,541112;10,335;0,018;R
50,541784;10,332;0,017;R
50,542466;10,357;0,017;R
50,543126;10,351;0,017;R
50,543786;10,389;0,017;R
50,544446;10,337;0,018;R
50,545117;10,347;0,017;R
50,545788;10,357;0,017;R
50,546471;10,333;0,017;R
50,547142;10,319;0,017;R
50,547814;10,332;0,017;R
50,548485;10,366;0,017;R
50,549156;10,322;0,018;R
50,549828;10,341;0,017;R
50,550499;10,326;0,017;R
50,55117;10,32;0,018;R
50,55183;10,339;0,018;R
50,552501;10,344;0,018;R
50,553172;10,318;0,018;R
50,553844;10,332;0,018;R
50,554515;10,355;0,018;R
50,555186;10,298;0,018;R
50,555858;10,326;0,018;R
50,556529;10,303;0,018;R
50,5572;10,331;0,019;R
50,557871;10,349;0,018;R
50,558543;10,318;0,018;R
50,559214;10,344;0,018;R
50,559885;10,35;0,018;R
50,560557;10,318;0,019;R
50,561216;10,304;0,018;R
50,561888;10,311;0,018;R
50,562559;10,362;0,017;R
50,563242;10,361;0,017;R
50,563902;10,319;0,017;R
50,564573;10,369;0,018;R
50,565244;10,323;0,018;R
50,565915;10,32;0,017;R
50,566598;10,326;0,018;R
50,56727;10,371;0,017;R
50,567953;10,348;0,018;R
50,568612;10,321;0,018;R
50,569284;10,351;0,018;R
50,569955;10,333;0,018;R
50,570626;10,318;0,017;R
50,571309;10,316;0,017;R
50,571969;10,316;0,018;R
50,57264;10,321;0,018;R
50,573311;10,302;0,018;R
50,573994;10,322;0,017;R
50,574665;10,329;0,017;R
50,575348;10,342;0,017;R
50,576008;10,292;0,018;R
50,576691;10,307;0,018;R
50,577362;10,311;0,018;R
50,578034;10,331;0,017;R
50,578716;10,32;0,018;R
50,579376;10,325;0,017;R
50,580059;10,333;0,017;R
50,580719;10,321;0,017;R
50,58139;10,306;0,018;R
50,582061;10,315;0,017;R
50,582744;10,315;0,018;R
50,583404;10,317;0,018;R
50,584087;10,299;0,018;R
50,584758;10,309;0,018;R
50,585441;10,33;0,018;R
50,586101;10,338;0,017;R
50,586772;10,308;0,017;R
50,587455;10,351;0,017;R
50,588138;10,337;0,017;R
50,588797;10,339;0,017;R
50,58948;10,351;0,017;R
50,590163;10,335;0,017;R
50,590823;10,362;0,017;R
50,591506;10,363;0,017;R
50,592189;10,359;0,017;R
50,59286;10,394;0,018;R
50,593531;10,337;0,017;R
50,594214;10,313;0,017;R
50,594897;10,311;0,018;R
50,59558;10,329;0,017;R
50,596263;10,292;0,018;R
50,596946;10,35;0,017;R
50,597628;10,309;0,018;R
50,598288;10,33;0,017;R
50,598971;10,325;0,018;R
50,599642;10,34;0,017;R
50,600325;10,326;0,017;R
50,601008;10,292;0,017;R
50,601691;10,321;0,017;R
50,602374;10,287;0,018;R
50,603057;10,375;0,017;R
50,603716;10,366;0,017;R
50,604399;10,308;0,018;R
50,605082;10,337;0,017;R
50,605765;10,299;0,018;R
50,606448;10,297;0,017;R
50,607131;10,304;0,017;R
50,607814;10,301;0,017;R
50,608496;10,306;0,017;R
50,609179;10,308;0,017;R
50,609862;10,287;0,017;R
50,610545;10,316;0,018;R
50,611216;10,3;0,017;R
50,611888;10,297;0,018;R
50,612582;10,334;0,017;R
50,613253;10,305;0,019;R
50,613925;10,266;0,019;R
50,614596;10,338;0,017;R
50,615267;10,326;0,018;R
50,615939;10,339;0,017;R
50,616621;10,303;0,018;R
50,89436;10,334;0,001;R
52,437871;10,562;0,019;R
52,438531;10,552;0,018;R
52,439191;10,624;0,019;R
52,439851;10,588;0,019;R
52,44051;10,564;0,02;R
52,441159;10,543;0,02;R
52,441818;10,57;0,019;R
52,442478;10,605;0,019;R
52,443138;10,583;0,019;R
52,443797;10,607;0,019;R
52,444457;10,572;0,019;R
52,445117;10,59;0,02;R
52,445777;10,604;0,019;R
52,446425;10,608;0,019;R
52,447084;10,581;0,019;R
52,447744;10,591;0,019;R
52,448404;10,56;0,02;R
52,449064;10,557;0,02;R
52,449723;10,57;0,019;R
52,450371;10,582;0,019;R
52,45102;10,593;0,019;R
52,451668;10,556;0,02;R
52,452316;10,578;0,019;R
52,452964;10,574;0,019;R
52,453624;10,563;0,019;R
52,454284;10,567;0,018;R
52,454955;10,591;0,017;R
52,455603;10,543;0,019;R
52,456251;10,556;0,018;R
52,456911;10,585;0,018;R
52,457571;10,556;0,018;R
52,458242;10,595;0,018;R
52,45889;10,582;0,018;R
52,45955;10,596;0,018;R
52,460499;10,596;0,02;R
52,461159;10,58;0,02;R
52,46183;10,62;0,018;R
52,462478;10,619;0,018;R
52,463138;10,612;0,018;R
52,463797;10,591;0,018;R
52,464955;10,575;0,018;R
52,465626;10,587;0,018;R
52,466286;10,604;0,018;R
52,466946;10,614;0,018;R
52,467605;10,595;0,018;R
52,468277;10,611;0,018;R
52,468925;10,571;0,018;R
52,469584;10,603;0,018;R
52,470256;10,581;0,018;R
52,470915;10,562;0,019;R
52,471575;10,621;0,018;R
52,472246;10,547;0,021;R
52,472906;10,58;0,024;R
52,473578;10,59;0,019;R
52,474226;10,572;0,027;R
52,474897;10,578;0,027;R
52,475557;10,552;0,023;R
52,476205;10,536;0,024;R
52,476876;10,573;0,031;R
52,477536;10,647;0,031;R
52,478196;10,595;0,029;R
52,478867;10,619;0,022;R
52,479515;10,571;0,023;R
52,480186;10,572;0,019;R
52,480834;10,57;0,019;R
52,481506;10,569;0,018;R
52,482165;10,598;0,019;R
52,482837;10,596;0,02;R
52,483485;10,596;0,021;R
52,484156;10,594;0,022;R
52,484816;10,594;0,02;R
52,485487;10,605;0,02;R
52,486135;10,612;0,02;R
52,486807;10,625;0,018;R
52,487455;10,583;0,018;R
52,488126;10,611;0,018;R
52,488774;10,595;0,017;R
52,489446;10,629;0,017;R
52,490105;10,586;0,019;R
52,490777;10,603;0,021;R
52,491425;10,606;0,022;R
52,492096;10,557;0,021;R
52,492756;10,637;0,021;R
52,493415;10,619;0,02;R
52,494087;10,537;0,019;R
52,494746;10,622;0,018;R
52,495418;10,588;0,018;R
52,496078;10,617;0,017;R
52,496749;10,622;0,018;R
52,497409;10,585;0,018;R
52,498068;10,617;0,018;R
52,49874;10,632;0,017;R
52,499411;10,618;0,019;R
52,500071;10,536;0,024;R
52,50073;10,604;0,029;R
52,501413;10,673;0,028;R
52,502084;10,616;0,021;R
52,502744;10,594;0,022;R
52,503415;10,577;0,021;R
52,504087;10,602;0,019;R
52,504746;10,585;0,019;R
52,505406;10,569;0,019;R
52,506066;10,595;0,018;R
52,506737;10,579;0,019;R
52,507409;10,629;0,018;R
52,508068;10,539;0,018;R
52,508728;10,62;0,017;R
52,509388;10,608;0,017;R
52,510047;10,617;0,017;R
52,510719;10,611;0,018;R
52,511378;10,571;0,018;R
52,51205;10,606;0,018;R
52,512709;10,581;0,018;R
52,513381;10,584;0,018;R
52,51404;10,564;0,017;R
52,5147;10,589;0,018;R
52,515371;10,617;0,018;R
52,516031;10,582;0,02;R
52,516703;10,641;0,019;R
52,517362;10,613;0,019;R
52,518022;10,599;0,018;R
52,518682;10,625;0,018;R
52,519341;10,561;0,019;R
52,520013;10,609;0,018;R
52,520672;10,594;0,018;R
52,521332;10,585;0,018;R
52,521992;10,575;0,018;R
52,522663;10,614;0,018;R
52,523323;10,603;0,017;R
52,523994;10,613;0,018;R
52,524665;10,642;0,017;R
52,525325;10,639;0,018;R
52,525996;10,597;0,018;R
52,526656;10,61;0,018;R
52,527328;10,609;0,018;R
52,527987;10,61;0,019;R
52,528647;10,636;0,017;R
52,529318;10,58;0,018;R
52,529978;10,611;0,018;R
52,530638;10,641;0,018;R
52,531309;10,605;0,018;R
52,53198;10,613;0,018;R
52,532652;10,618;0,017;R
52,5333;10,622;0,018;R
52,533959;10,621;0,018;R
52,534631;10,584;0,018;R
52,535302;10,595;0,018;R
52,535962;10,607;0,017;R
52,536621;10,627;0,017;R
52,537293;10,618;0,018;R
52,537941;10,617;0,018;R
52,538612;10,602;0,017;R
52,539284;10,613;0,017;R
52,539943;10,608;0,017;R
52,540603;10,604;0,018;R
52,541274;10,603;0,018;R
52,541946;10,575;0,018;R
52,542617;10,588;0,018;R
52,543288;10,641;0,018;R
52,543959;10,589;0,018;R
52,544608;10,567;0,019;R
52,545279;10,612;0,017;R
52,54595;10,61;0,018;R
52,546621;10,606;0,018;R
52,547293;10,58;0,018;R
52,547964;10,61;0,018;R
52,548635;10,619;0,018;R
52,549307;10,604;0,018;R
52,549978;10,637;0,018;R
52,550649;10,629;0,018;R
52,551321;10,615;0,018;R
52,55198;10,605;0,018;R
52,552628;10,606;0,019;R
52,553288;10,623;0,017;R
52,553959;10,59;0,018;R
52,554631;10,592;0,019;R
52,555302;10,585;0,019;R
52,555973;10,628;0,019;R
52,556645;10,618;0,018;R
52,557316;10,624;0,018;R
52,557987;10,608;0,017;R
52,558659;10,586;0,018;R
52,55933;10,578;0,019;R
52,560001;10,598;0,018;R
52,560672;10,616;0,018;R
52,561344;10,616;0,018;R
52,562015;10,612;0,018;R
52,562686;10,597;0,018;R
52,563358;10,614;0,018;R
52,564029;10,63;0,019;R
52,564712;10,657;0,018;R
52,565395;10,617;0,018;R
52,566054;10,64;0,018;R
52,566714;10,611;0,018;R
52,567374;10,624;0,018;R
52,568034;10,612;0,019;R
52,568693;10,591;0,018;R
52,569353;10,586;0,019;R
52,570013;10,617;0,019;R
52,570684;10,593;0,018;R
52,571355;10,657;0,017;R
52,572038;10,604;0,02;R
52,572709;10,588;0,019;R
52,573369;10,663;0,018;R
52,574029;10,642;0,018;R
52,5747;10,612;0,018;R
52,575371;10,63;0,018;R
52,576043;10,617;0,019;R
52,576726;10,607;0,018;R
52,577385;10,602;0,019;R
52,578045;10,635;0,018;R
52,578716;10,615;0,017;R
52,579399;10,602;0,019;R
52,580059;10,598;0,018;R
52,58073;10,602;0,019;R
52,581402;10,63;0,02;R
52,582096;10,632;0,018;R
52,582756;10,633;0,019;R
52,583427;10,61;0,018;R
52,58411;10,575;0,019;R
52,584781;10,656;0,018;R
52,585441;10,6;0,02;R
52,586124;10,574;0,019;R
52,586784;10,642;0,019;R
52,587466;10,653;0,019;R
52,588138;10,655;0,018;R
52,588797;10,628;0,019;R
52,58948;10,64;0,018;R
52,590152;10,652;0,019;R
52,590834;10,656;0,019;R
52,591517;10,662;0,019;R
52,592189;10,597;0,02;R
52,592871;10,606;0,019;R
52,593543;10,621;0,02;R
52,594226;10,575;0,019;R
52,594909;10,628;0,019;R
52,59558;10,603;0,019;R
52,59624;10,623;0,019;R
52,596922;10,625;0,019;R
52,597594;10,623;0,019;R
52,598265;10,633;0,019;R
52,598948;10,649;0,018;R
52,599608;10,634;0,018;R
52,60029;10,606;0,019;R
52,600973;10,648;0,019;R
52,601656;10,623;0,018;R
52,602328;10,613;0,018;R
52,60301;10,65;0,019;R
52,603693;10,637;0,018;R
52,604365;10,657;0,018;R
52,605047;10,597;0,019;R
52,605719;10,651;0,018;R
52,60639;10,639;0,018;R
52,607073;10,604;0,02;R
52,607744;10,641;0,019;R
52,608427;10,609;0,019;R
52,60911;10,645;0,018;R
52,609781;10,623;0,017;R
52,610453;10,604;0,018;R
52,611135;10,622;0,018;R
52,611818;10,624;0,018;R
52,61249;10,612;0,019;R
52,613172;10,614;0,018;R
52,613855;10,618;0,018;R
52,614527;10,631;0,018;R
52,615209;10,592;0,019;R
52,615892;10,65;0,018;R
52,616575;10,585;0,019;R
52,617258;10,601;0,019;R
52,617929;10,636;0,019;R
52,618612;10,612;0,019;R
52,619295;10,627;0,019;R
52,619966;10,654;0,019;R
52,620638;10,662;0,018;R
52,621321;10,619;0,018;R
52,622003;10,642;0,018;R
52,622686;10,636;0,018;R
52,623358;10,65;0,018;R
52,62404;10,617;0,019;R
52,624723;10,643;0,019;R
52,68357;10,44;0,001;R
52,71083;10,608;0,004;R
52,71115;10,626;0,004;R
52,71147;10,635;0,004;R
52,71178;10,609;0,004;R
52,71208;10,616;0,005;R
52,7124;10,608;0,004;R
52,71271;10,62;0,004;R
52,71302;10,621;0,004;R
52,71332;10,617;0,004;R
52,71364;10,615;0,005;R
53,435105;10,567;0,02;R
53,435753;10,619;0,02;R
53,436413;10,626;0,02;R
53,437073;10,625;0,02;R
53,437733;10,588;0,02;R
53,438404;10,63;0,019;R
53,439052;10,643;0,02;R
53,439712;10,629;0,02;R
53,440371;10,612;0,019;R
53,441043;10,608;0,02;R
53,441691;10,609;0,021;R
53,442339;10,588;0,021;R
53,442999;10,591;0,019;R
53,443659;10,635;0,019;R
53,444318;10,634;0,018;R
53,444978;10,633;0,018;R
53,445626;10,61;0,018;R
53,446286;10,654;0,018;R
53,446946;10,64;0,018;R
53,447605;10,594;0,019;R
53,448265;10,582;0,018;R
53,448925;10,631;0,018;R
53,449573;10,649;0,018;R
53,450233;10,634;0,018;R
53,450892;10,597;0,018;R
53,45154;10,57;0,018;R
53,452212;10,635;0,018;R
53,45286;10,611;0,018;R
53,45352;10,657;0,018;R
53,454179;10,651;0,018;R
53,454851;10,605;0,019;R
53,455499;10,642;0,018;R
53,456159;10,649;0,019;R
53,45683;10,631;0,018;R
53,457767;10,637;0,018;R
53,458427;10,639;0,018;R
53,459098;10,638;0,019;R
53,459746;10,619;0,019;R
53,460406;10,66;0,025;R
53,461078;10,643;0,025;R
53,462108;10,57;0,018;R
53,462756;10,621;0,018;R
53,463427;10,607;0,018;R
53,464075;10,628;0,018;R
53,464735;10,607;0,018;R
53,465406;10,646;0,018;R
53,466066;10,623;0,019;R
53,466737;10,649;0,018;R
53,467397;10,599;0,018;R
53,468045;10,609;0,019;R
53,468716;10,628;0,018;R
53,469365;10,606;0,018;R
53,470013;10,646;0,018;R
53,470684;10,635;0,018;R
53,471344;10,588;0,018;R
53,472003;10,639;0,018;R
53,472675;10,609;0,018;R
53,473334;10,579;0,018;R
53,473983;10,632;0,018;R
53,474654;10,617;0,018;R
53,475314;10,623;0,018;R
53,475973;10,586;0,018;R
53,476633;10,628;0,018;R
53,477281;10,586;0,018;R
53,477953;10,58;0,018;R
53,478601;10,625;0,018;R
53,479272;10,627;0,018;R
53,479932;10,596;0,018;R
53,48058;10,643;0,018;R
53,481251;10,613;0,019;R
53,481899;10,618;0,018;R
53,482571;10,579;0,018;R
53,483242;10,612;0,018;R
53,483902;10,623;0,018;R
53,484561;10,605;0,018;R
53,485221;10,668;0,018;R
53,485892;10,614;0,018;R
53,486552;10,618;0,018;R
53,487223;10,674;0,017;R
53,487883;10,626;0,018;R
53,488543;10,622;0,018;R
53,489203;10,624;0,018;R
53,489851;10,588;0,019;R
53,490522;10,636;0,019;R
53,491182;10,657;0,018;R
53,491841;10,614;0,018;R
53,492501;10,64;0,018;R
53,493161;10,642;0,018;R
53,493821;10,646;0,019;R
53,49448;10,621;0,018;R
53,495152;10,598;0,018;R
53,495811;10,628;0,018;R
53,496483;10,592;0,018;R
53,497142;10,588;0,018;R
53,497802;10,612;0,018;R
53,498462;10,601;0,018;R
53,499133;10,666;0,018;R
53,499793;10,653;0,018;R
53,500453;10,589;0,018;R
53,501112;10,613;0,018;R
53,501772;10,637;0,019;R
53,502432;10,606;0,019;R
53,503091;10,646;0,018;R
53,503763;10,619;0,018;R
53,504422;10,603;0,018;R
53,505094;10,623;0,018;R
53,505753;10,636;0,018;R
53,506413;10,636;0,018;R
53,507073;10,605;0,018;R
53,507744;10,658;0,018;R
53,508404;10,638;0,018;R
53,509075;10,606;0,018;R
53,509735;10,614;0,017;R
53,510395;10,604;0,018;R
53,511066;10,576;0,019;R
53,511737;10,629;0,018;R
53,512397;10,62;0,018;R
53,513057;10,606;0,018;R
53,513716;10,624;0,019;R
53,514388;10,616;0,019;R
53,515047;10,61;0,018;R
53,515707;10,624;0,018;R
53,516378;10,663;0,018;R
53,517038;10,585;0,018;R
53,517709;10,622;0,018;R
53,518369;10,546;0,019;R
53,51904;10,61;0,019;R
53,519712;10,615;0,018;R
53,520371;10,614;0,019;R
53,521043;10,593;0,019;R
53,521703;10,62;0,019;R
53,522374;10,583;0,018;R
53,523034;10,62;0,018;R
53,523693;10,609;0,018;R
53,524365;10,523;0,019;R
53,525036;10,653;0,018;R
53,525707;10,623;0,018;R
53,526378;10,627;0,017;R
53,527027;10,594;0,018;R
53,527686;10,635;0,018;R
53,528358;10,573;0,018;R
53,529017;10,637;0,018;R
53,529677;10,613;0,018;R
53,530337;10,564;0,018;R
53,530996;10,621;0,018;R
53,531656;10,613;0,019;R
53,532328;10,635;0,018;R
53,532999;10,596;0,019;R
53,53367;10,57;0,018;R
53,534341;10,619;0,018;R
53,535013;10,653;0,018;R
53,535684;10,664;0,018;R
53,536344;10,61;0,018;R
53,537003;10,606;0,018;R
53,537652;10,594;0,019;R
53,538311;10,558;0,018;R
53,538983;10,625;0,018;R
53,539654;10,572;0,018;R
53,540325;10,618;0,019;R
53,540996;10,622;0,018;R
53,541668;10,613;0,018;R
53,542339;10,63;0,019;R
53,54301;10,602;0,019;R
53,543682;10,614;0,018;R
53,544353;10,63;0,018;R
53,545001;10,589;0,018;R
53,545661;10,622;0,019;R
53,546332;10,641;0,018;R
53,547003;10,622;0,018;R
53,547675;10,624;0,019;R
53,548346;10,643;0,018;R
53,549017;10,621;0,019;R
53,549689;10,595;0,018;R
53,55036;10,644;0,018;R
53,551031;10,627;0,019;R
53,551703;10,619;0,019;R
53,552374;10,645;0,019;R
53,553045;10,566;0,019;R
53,553716;10,629;0,019;R
53,554388;10,626;0,018;R
53,555059;10,6;0,018;R
53,55573;10,635;0,018;R
53,55639;10,624;0,018;R
53,55705;10,617;0,019;R
53,557721;10,594;0,018;R
53,558381;10,616;0,018;R
53,55904;10,598;0,019;R
53,559712;10,642;0,018;R
53,560371;10,603;0,018;R
53,561031;10,629;0,018;R
53,561691;10,613;0,018;R
53,562362;10,635;0,019;R
53,563034;10,621;0,019;R
53,563705;10,637;0,018;R
53,564376;10,64;0,018;R
53,565059;10,647;0,018;R
53,56573;10,612;0,018;R
53,56639;10,618;0,018;R
53,56705;10,66;0,018;R
53,567709;10,627;0,018;R
53,568369;10,558;0,02;R
53,56904;10,578;0,019;R
53,569712;10,573;0,019;R
53,570383;10,593;0,019;R
53,571066;10,612;0,018;R
53,571726;10,641;0,018;R
53,572385;10,585;0,018;R
53,573045;10,615;0,019;R
53,573728;10,604;0,018;R
53,574399;10,584;0,019;R
53,575071;10,602;0,018;R
53,575742;10,598;0,019;R
53,576402;10,623;0,019;R
53,577073;10,61;0,019;R
53,577756;10,667;0,018;R
53,578415;10,62;0,019;R
53,579098;10,621;0,019;R
53,57977;10,616;0,019;R
53,580429;10,631;0,018;R
53,581101;10,649;0,018;R
53,581784;10,64;0,018;R
53,582443;10,595;0,019;R
53,583115;10,63;0,018;R
53,583797;10,61;0,019;R
53,584457;10,647;0,019;R
53,585128;10,647;0,018;R
53,585811;10,611;0,019;R
53,586471;10,618;0,018;R
53,587154;10,631;0,019;R
53,587814;10,622;0,019;R
53,588496;10,63;0,018;R
53,589156;10,574;0,019;R
53,589839;10,658;0,018;R
53,590499;10,671;0,019;R
53,591182;10,622;0,019;R
53,591865;10,588;0,018;R
53,592536;10,614;0,019;R
53,593219;10,607;0,024;R
53,593878;10,64;0,024;R
53,594561;10,629;0,024;R
53,595233;10,627;0,023;R
53,595904;10,597;0,025;R
53,596587;10,626;0,019;R
53,597258;10,623;0,018;R
53,597929;10,619;0,019;R
53,598612;10,628;0,019;R
53,599295;10,631;0,019;R
53,599966;10,605;0,02;R
53,600638;10,618;0,023;R
53,601309;10,597;0,023;R
53,601992;10,628;0,024;R
53,602686;10,623;0,023;R
53,603369;10,638;0,021;R
53,60404;10,635;0,022;R
53,604712;10,627;0,022;R
53,605395;10,553;0,023;R
53,606054;10,589;0,023;R
53,606737;10,628;0,022;R
53,60742;10,609;0,024;R
53,608103;10,623;0,023;R
53,608786;10,617;0,025;R
53,609457;10,614;0,024;R
53,610128;10,618;0,023;R
53,610811;10,634;0,019;R
53,611494;10,603;0,019;R
53,612165;10,567;0,019;R
53,612837;10,661;0,018;R
53,61352;10,58;0,02;R
53,614203;10,627;0,019;R
53,614885;10,586;0,019;R
53,615568;10,614;0,019;R
53,616251;10,624;0,019;R
53,616934;10,565;0,02;R
53,617617;10,651;0,019;R
53,6183;10,562;0,02;R
53,618994;10,604;0,019;R
53,619677;10,627;0,019;R
53,62036;10,624;0,019;R
53,621043;10,611;0,019;R
53,621726;10,607;0,02;R
53,622409;10,563;0,021;R
53,623091;10,629;0,019;R
53,623774;10,614;0,02;R
53,624469;10,618;0,02;R
53,625152;10,603;0,019;R
53,625823;10,568;0,019;R
53,626517;10,614;0,02;R
53,6272;10,64;0,019;R
53,627871;10,593;0,019;R
53,628543;10,627;0,019;R
53,629226;10,599;0,02;R
53,62992;10,647;0,019;R
53,630591;10,625;0,02;R
53,631286;10,598;0,02;R
53,63198;10,591;0,02;R
53,632663;10,591;0,019;R
53,633346;10,584;0,021;R
53,63404;10,605;0,02;R
53,634723;10,603;0,019;R
53,635395;10,61;0,02;R
53,636089;10,564;0,021;R
53,636772;10,62;0,02;R
53,637443;10,596;0,02;R
53,638138;10,653;0,02;R
53,638809;10,604;0,02;R
53,639503;10,622;0,02;R
53,640175;10,629;0,021;R
53,640869;10,63;0,021;R
53,641552;10,601;0,02;R
53,642246;10,613;0,02;R
53,642929;10,593;0,02;R
53,643612;10,638;0,02;R
53,644295;10,567;0,021;R
53,644978;10,64;0,02;R
53,645661;10,61;0,02;R
53,646355;10,563;0,02;R
53,647027;10,604;0,02;R
53,647721;10,628;0,02;R
53,648404;10,614;0,022;R
53,649087;10,582;0,02;R
53,649781;10,591;0,019;R
53,650453;10,545;0,021;R
53,651147;10,569;0,02;R
53,651841;10,658;0,02;R
53,652524;10,577;0,021;R
53,653207;10,593;0,02;R
53,65389;10,62;0,021;R
53,654584;10,627;0,021;R
53,655279;10,649;0,021;R
53,655973;10,627;0,02;R
53,656668;10,645;0,021;R
53,657351;10,574;0,02;R
53,658045;10,619;0,021;R
53,658728;10,587;0,022;R
53,659422;10,573;0,025;R
53,660105;10,659;0,024;R
53,660788;10,564;0,024;R
53,661471;10,632;0,023;R
53,662154;10,621;0,024;R
53,662848;10,546;0,025;R
53,663543;10,57;0,024;R
53,664237;10,592;0,023;R
53,664909;10,627;0,02;R
53,665603;10,585;0,021;R
53,666297;10,631;0,021;R
53,66698;10,643;0,021;R
53,667675;10,573;0,021;R
53,668369;10,569;0,021;R
53,669064;10,613;0,02;R
53,669758;10,557;0,022;R
53,670441;10,63;0,022;R
53,671112;10,586;0,022;R
53,671795;10,638;0,022;R
53,672478;10,596;0,022;R
53,673161;10,597;0,024;R
53,673855;10,637;0,024;R
53,67455;10,563;0,025;R
53,675244;10,576;0,025;R
53,675939;10,568;0,025;R
53,676633;10,596;0,028;R
53,677316;10,566;0,025;R
53,677999;10,612;0,021;R
53,678682;10,626;0,022;R
53,679365;10,629;0,022;R
53,680059;10,571;0,022;R
53,680753;10,562;0,022;R
53,681448;10,541;0,022;R
53,682131;10,613;0,022;R
53,682825;10,564;0,023;R
53,683508;10,627;0,023;R
53,684203;10,584;0,022;R
53,684909;10,567;0,022;R
53,685603;10,606;0,022;R
53,686309;10,661;0,021;R
53,686992;10,602;0,022;R
53,687675;10,633;0,023;R
53,688369;10,636;0,022;R
53,689064;10,644;0,022;R
53,68977;10,551;0,024;R
53,690453;10,574;0,022;R
53,691147;10,547;0,023;R
53,691853;10,618;0,023;R
53,692536;10,586;0,023;R
53,693242;10,565;0,024;R
53,693936;10,639;0,022;R
53,694631;10,569;0,024;R
53,695337;10,693;0,023;R
53,69602;10,603;0,023;R
53,696726;10,687;0,023;R
53,69742;10,613;0,024;R
53,698126;10,596;0,024;R
53,698821;10,675;0,023;R
53,699527;10,565;0,024;R
53,700209;10,581;0,024;R
53,700915;10,626;0,024;R
53,701621;10,515;0,025;R
53,702304;10,592;0,024;R
53,70301;10,588;0,025;R
53,703693;10,685;0,024;R
53,704399;10,552;0,024;R
54,491078;10,462;0,018;R
54,491737;10,52;0,017;R
54,492397;10,514;0,017;R
54,493057;10,481;0,018;R
54,493716;10,463;0,018;R
54,494388;10,499;0,018;R
54,495047;10,501;0,018;R
54,495707;10,516;0,018;R
54,496367;10,473;0,019;R
54,497027;10,499;0,018;R
54,497698;10,476;0,018;R
54,498346;10,501;0,018;R
54,499006;10,455;0,018;R
54,499665;10,477;0,019;R
54,500325;10,5;0,019;R
54,500985;10,508;0,018;R
54,501656;10,488;0,018;R
54,502316;10,476;0,018;R
54,502976;10,46;0,017;R
54,503635;10,477;0,017;R
54,504307;10,477;0,017;R
54,504966;10,492;0,018;R
54,505626;10,498;0,018;R
54,506297;10,515;0,017;R
54,506946;10,467;0,018;R
54,507605;10,478;0,017;R
54,508277;10,476;0,018;R
54,508936;10,466;0,019;R
54,509596;10,447;0,018;R
54,510256;10,491;0,018;R
54,510915;10,496;0,017;R
54,511575;10,509;0,017;R
54,512246;10,452;0,019;R
54,512906;10,453;0,018;R
54,513578;10,441;0,017;R
54,514237;10,499;0,017;R
54,514909;10,443;0,018;R
54,515568;10,46;0,018;R
54,51624;10,499;0,018;R
54,516911;10,472;0,018;R
54,517571;10,468;0,018;R
54,51823;10,483;0,018;R
54,518902;10,492;0,017;R
54,51955;10,435;0,018;R
54,520221;10,489;0,017;R
54,520881;10,5;0,017;R
54,521552;10,457;0,018;R
54,522223;10,501;0,017;R
54,522871;10,484;0,018;R
54,523531;10,46;0,019;R
54,524203;10,512;0,017;R
54,524851;10,47;0,018;R
54,525522;10,498;0,018;R
54,526193;10,466;0,018;R
54,526853;10,439;0,018;R
54,527513;10,507;0,017;R
54,528184;10,463;0,019;R
54,528855;10,457;0,019;R
54,529527;10,488;0,018;R
54,530175;10,478;0,018;R
54,530846;10,44;0,019;R
54,531517;10,479;0,018;R
54,532189;10,495;0,018;R
54,532837;10,453;0,018;R
54,533508;10,499;0,017;R
54,534179;10,474;0,018;R
54,534862;10,446;0,018;R
54,535534;10,478;0,018;R
54,536205;10,465;0,018;R
54,536853;10,479;0,018;R
54,537524;10,479;0,017;R
54,538196;10,495;0,018;R
54,538844;10,476;0,018;R
54,539515;10,444;0,018;R
54,540186;10,47;0,018;R
54,540846;10,442;0,019;R
54,541506;10,504;0,017;R
54,542154;10,457;0,018;R
54,542825;10,471;0,019;R
54,543496;10,452;0,019;R
54,544168;10,445;0,018;R
54,544828;10,459;0,018;R
54,545499;10,484;0,018;R
54,54617;10,481;0,018;R
54,546841;10,491;0,018;R
54,54749;10,477;0,018;R
54,548161;10,477;0,018;R
54,548832;10,481;0,018;R
54,549503;10,471;0,018;R
54,550163;10,483;0,018;R
54,550834;10,437;0,018;R
54,551483;10,454;0,018;R
54,552154;10,495;0,017;R
54,552825;10,44;0,018;R
54,553496;10,441;0,019;R
54,554168;10,457;0,018;R
54,554839;10,438;0,018;R
54,555499;10,464;0,02;R
54,556147;10,465;0,018;R
54,556818;10,498;0,017;R
54,557478;10,51;0,018;R
55,488358;10,442;0,018;R
55,489017;10,425;0,018;R
55,489689;10,463;0,018;R
55,490337;10,426;0,019;R
55,491008;10,434;0,018;R
55,491668;10,46;0,018;R
55,492339;10,433;0,019;R
55,492999;10,467;0,017;R
55,49367;10,428;0,018;R
55,49433;10,465;0,018;R
55,495001;10,444;0,018;R
55,495661;10,456;0,017;R
55,496321;10,436;0,018;R
55,49698;10,483;0,017;R
55,49764;10,454;0,018;R
55,498311;10,474;0,017;R
55,498959;10,452;0,018;R
55,499631;10,438;0,018;R
55,500279;10,438;0,017;R
55,50095;10,463;0,017;R
55,501598;10,479;0,017;R
55,50227;10,466;0,017;R
55,502929;10,456;0,018;R
55,503578;10,433;0,019;R
55,504249;10,448;0,019;R
55,504897;10,463;0,018;R
55,505568;10,435;0,017;R
55,506216;10,447;0,018;R
55,506888;10,471;0,017;R
55,507536;10,468;0,017;R
55,508207;10,437;0,018;R
55,508878;10,436;0,017;R
55,509527;10,459;0,018;R
55,510198;10,427;0,018;R
55,510846;10,446;0,018;R
55,511517;10,504;0,017;R
55,512177;10,432;0,018;R
55,512848;10,46;0,017;R
55,51352;10,492;0,017;R
55,514168;10,446;0,018;R
55,514839;10,486;0,017;R
55,51551;10,462;0,017;R
55,51617;10,462;0,018;R
55,51683;10,459;0,018;R
55,517501;10,445;0,018;R
55,518172;10,478;0,018;R
55,518832;10,445;0,018;R
55,519492;10,475;0,017;R
55,520163;10,431;0,018;R
55,520823;10,47;0,018;R
55,521483;10,439;0,017;R
55,522131;10,462;0,018;R
55,522802;10,468;0,018;R
55,523473;10,444;0,018;R
55,524133;10,436;0,018;R
55,524804;10,453;0,017;R
55,525464;10,462;0,017;R
55,526124;10,424;0,018;R
55,526795;10,444;0,018;R
55,527455;10,467;0,017;R
55,528115;10,402;0,018;R
55,528786;10,428;0,018;R
55,529457;10,417;0,018;R
55,530117;10,459;0,017;R
55,530788;10,425;0,018;R
55,531448;10,434;0,017;R
55,532119;10,437;0,017;R
55,53279;10,425;0,018;R
55,53345;10,471;0,017;R
55,534121;10,446;0,018;R
55,534793;10,4;0,018;R
55,535453;10,458;0,018;R
55,536124;10,434;0,017;R
55,536795;10,464;0,018;R
55,537455;10,472;0,018;R
55,538115;10,469;0,017;R
55,538786;10,39;0,018;R
55,539446;10,402;0,018;R
55,540117;10,419;0,018;R
55,540777;10,431;0,019;R
55,541436;10,426;0,018;R
55,542108;10,412;0,019;R
55,542767;10,416;0,02;R
55,543439;10,411;0,019;R
55,54411;10,444;0,018;R
55,544781;10,433;0,018;R
55,545453;10,417;0,018;R
55,546124;10,488;0,018;R
55,546807;10,445;0,018;R
55,547478;10,441;0,018;R
55,548149;10,435;0,018;R
55,548821;10,398;0,019;R
55,549492;10,452;0,018;R
55,550163;10,483;0,017;R
55,550834;10,422;0,019;R
55,551506;10,442;0,018;R
55,552177;10,466;0,018;R
55,552837;10,471;0,018;R
55,553508;10,474;0,018;R
55,554179;10,49;0,018;R
55,554851;10,474;0,019;R
56,485615;10,756;0,019;R
56,486274;10,713;0,019;R
56,486946;10,741;0,018;R
56,487594;10,733;0,019;R
56,488265;10,747;0,018;R
56,488925;10,708;0,019;R
56,489573;10,704;0,019;R
56,490244;10,727;0,019;R
56,490892;10,747;0,018;R
56,491564;10,736;0,018;R
56,492212;10,724;0,019;R
56,492883;10,71;0,019;R
56,493531;10,724;0,018;R
56,494203;10,732;0,019;R
56,494851;10,744;0,018;R
56,495522;10,725;0,019;R
56,496182;10,745;0,018;R
56,496841;10,731;0,018;R
56,497513;10,748;0,018;R
56,498161;10,775;0,018;R
56,498832;10,75;0,018;R
56,499503;10,742;0,018;R
56,500163;10,744;0,018;R
56,500834;10,753;0,018;R
56,501494;10,725;0,018;R
56,502154;10,725;0,018;R
56,502825;10,724;0,019;R
56,503485;10,683;0,019;R
56,504145;10,745;0,018;R
56,504816;10,742;0,018;R
56,505476;10,717;0,018;R
56,506135;10,722;0,018;R
56,506795;10,708;0,019;R
56,507455;10,769;0,018;R
56,508115;10,716;0,019;R
56,508774;10,718;0,018;R
56,509434;10,735;0,019;R
56,510105;10,715;0,018;R
56,510765;10,695;0,019;R
56,511425;10,728;0,019;R
56,512084;10,765;0,019;R
56,512756;10,734;0,018;R
56,513415;10,746;0,018;R
56,514087;10,742;0,018;R
56,514758;10,736;0,018;R
56,515418;10,753;0,018;R
56,516078;10,771;0,018;R
56,516749;10,725;0,018;R
56,517409;10,761;0,018;R
56,51808;10,734;0,018;R
56,518751;10,773;0,018;R
56,519422;10,788;0,017;R
56,520094;10,741;0,018;R
56,520753;10,731;0,018;R
56,521413;10,755;0,018;R
56,522084;10,779;0,018;R
56,522756;10,715;0,018;R
56,523415;10,779;0,018;R
56,524087;10,723;0,018;R
56,524746;10,726;0,018;R
56,525406;10,761;0,018;R
56,526078;10,732;0,018;R
56,526737;10,717;0,019;R
56,527397;10,765;0,019;R
56,528068;10,771;0,019;R
56,52874;10,753;0,019;R
56,529399;10,737;0,019;R
56,530059;10,748;0,019;R
56,530719;10,759;0,018;R
56,531378;10,738;0,019;R
56,53205;10,784;0,018;R
56,532721;10,728;0,018;R
56,533369;10,74;0,019;R
56,53404;10,737;0,018;R
56,534712;10,746;0,019;R
56,535383;10,736;0,019;R
56,536054;10,764;0,019;R
56,536726;10,728;0,019;R
56,537385;10,723;0,02;R
56,538045;10,763;0,018;R
56,538705;10,756;0,018;R
56,539365;10,717;0,018;R
56,540036;10,732;0,02;R
56,540707;10,724;0,019;R
56,541378;10,763;0,02;R
56,542038;10,717;0,019;R
56,542686;10,742;0,02;R
56,543346;10,73;0,019;R
56,544017;10,729;0,019;R
56,544689;10,705;0,019;R
56,54536;10,74;0,018;R
56,546031;10,717;0,018;R
56,546703;10,746;0,02;R
56,547374;10,745;0,02;R
56,548045;10,778;0,019;R
56,548716;10,738;0,018;R
56,549388;10,765;0,018;R
56,550047;10,751;0,018;R
56,550707;10,73;0,018;R
56,551378;10,768;0,018;R
56,55205;10,765;0,018;R
57,03896;10,485;0,002;R
57,04226;10,524;0,002;R
57,04565;10,483;0,002;R
57,04883;9,988;0,004;R
57,501679;10,455;0,018;R
57,502328;10,497;0,018;R
57,502987;10,502;0,017;R
57,503659;10,494;0,018;R
57,504307;10,499;0,018;R
57,504966;10,497;0,018;R
57,505638;10,512;0,018;R
57,506297;10,494;0,018;R
57,506969;10,495;0,019;R
57,507628;10,482;0,019;R
57,508288;10,493;0,019;R
57,508959;10,503;0,018;R
57,509619;10,523;0,018;R
57,510279;10,518;0,017;R
57,51095;10,537;0,017;R
57,511598;10,527;0,018;R
57,51227;10,495;0,018;R
57,512918;10,514;0,018;R
57,513589;10,499;0,018;R
57,514237;10,505;0,018;R
57,514897;10,492;0,018;R
57,515568;10,572;0,017;R
57,51624;10,497;0,019;R
57,516888;10,516;0,018;R
57,517559;10,523;0,018;R
57,518219;10,517;0,018;R
57,518867;10,496;0,018;R
57,519538;10,536;0,018;R
57,520186;10,52;0,017;R
57,520858;10,531;0,018;R
57,521529;10,528;0,018;R
57,522177;10,537;0,017;R
57,522848;10,514;0,018;R
57,523496;10,513;0,018;R
57,524168;10,53;0,018;R
57,524816;10,521;0,018;R
57,525487;10,548;0,017;R
57,526159;10,51;0,017;R
57,526807;10,511;0,018;R
57,527478;10,52;0,018;R
57,528126;10,527;0,018;R
57,528797;10,506;0,018;R
57,529457;10,534;0,018;R
57,530117;10,541;0,017;R
57,530788;10,53;0,017;R
57,531436;10,475;0,018;R
57,532108;10,538;0,018;R
57,532756;10,496;0,018;R
57,533427;10,539;0,017;R
57,534098;10,503;0,018;R
57,534746;10,499;0,019;R
57,535418;10,539;0,018;R
57,536089;10,499;0,018;R
57,536737;10,522;0,017;R
57,537409;10,519;0,018;R
57,53808;10,461;0,018;R
57,53874;10,539;0,018;R
57,539411;10,507;0,018;R
57,540059;10,507;0,017;R
57,540742;10,486;0,019;R
57,541402;10,499;0,018;R
57,542073;10,51;0,018;R
57,542744;10,467;0,017;R
57,543404;10,496;0,018;R
57,544075;10,494;0,018;R
57,544723;10,531;0,018;R
57,545395;10,495;0,017;R
57,546054;10,491;0,018;R
57,546714;10,504;0,018;R
57,547385;10,49;0,018;R
57,548057;10,499;0,018;R
57,548716;10,511;0,018;R
58,498855;10,558;0,017;R
58,499515;10,541;0,017;R
58,500186;10,535;0,018;R
58,500846;10,548;0,018;R
58,501494;10,531;0,018;R
58,502154;10,511;0,018;R
58,502825;10,546;0,017;R
58,503473;10,502;0,018;R
58,504133;10,541;0,018;R
58,504804;10,511;0,018;R
58,505453;10,535;0,017;R
58,506101;10,545;0,017;R
58,506772;10,523;0,018;R
58,507432;10,51;0,019;R
58,508103;10,492;0,019;R
58,508763;10,517;0,018;R
58,509434;10,513;0,018;R
58,510105;10,538;0,018;R
58,510765;10,551;0,019;R
58,511425;10,506;0,018;R
58,512096;10,574;0,018;R
58,512756;10,531;0,018;R
58,513427;10,554;0,018;R
58,514087;10,566;0,018;R
58,514735;10,528;0,018;R
58,515406;10,531;0,017;R
58,516054;10,568;0,017;R
58,516726;10,52;0,017;R
58,517374;10,52;0,018;R
58,518045;10,529;0,018;R
58,518705;10,516;0,018;R
58,519353;10,518;0,017;R
58,520024;10,527;0,017;R
58,520672;10,512;0,018;R
58,521344;10,49;0,018;R
58,522003;10,531;0,018;R
58,522663;10,496;0,019;R
58,523323;10,472;0,018;R
58,523983;10,538;0,018;R
58,524642;10,529;0,017;R
58,525302;10,554;0,018;R
58,525973;10,489;0,018;R
58,526633;10,543;0,017;R
58,527304;10,496;0,018;R
58,527964;10,531;0,017;R
58,528635;10,571;0,018;R
58,529307;10,544;0,018;R
58,529966;10,527;0,018;R
58,530626;10,505;0,018;R
58,531286;10,527;0,017;R
58,531946;10,538;0,018;R
58,532617;10,552;0,018;R
58,533277;10,495;0,018;R
58,533948;10,546;0,018;R
58,534608;10,54;0,018;R
58,535267;10,538;0,018;R
58,535939;10,511;0,018;R
58,536598;10,532;0,018;R
58,537258;10,541;0,018;R
58,537918;10,557;0,018;R
58,538589;10,532;0,018;R
58,539249;10,533;0,018;R
58,539909;10,548;0,018;R
58,540568;10,545;0,018;R
58,541228;10,486;0,018;R
58,541888;10,521;0,018;R
58,542559;10,516;0,018;R
58,54323;10,544;0,018;R
58,54389;10,545;0,018;R
58,544561;10,512;0,019;R
58,545221;10,518;0,018;R
58,545881;10,523;0,018;R
59,498959;10,525;0,019;R
59,499619;10,519;0,019;R
59,50095;10,537;0,018;R
59,50161;10,519;0,019;R
59,502258;10,519;0,02;R
59,502929;10,477;0,021;R
59,503589;10,512;0,019;R
59,50426;10,534;0,021;R
59,50492;10,551;0,05;R
59,50558;10,478;0,02;R
59,506251;10,513;0,019;R
59,506899;10,512;0,018;R
59,507571;10,535;0,02;R
59,508878;10,526;0,02;R
59,50955;10,583;0,019;R
59,510209;10,525;0,018;R
59,510881;10,524;0,019;R
59,5122;10,522;0,02;R
59,51286;10,558;0,022;R
59,514191;10,528;0,019;R
59,514851;10,497;0,017;R
59,51551;10,521;0,019;R
59,51617;10,511;0,019;R
59,51683;10,529;0,018;R
59,517501;10,513;0,018;R
59,518161;10,493;0,018;R
59,518832;10,561;0,019;R
59,519492;10,505;0,018;R
59,520834;10,524;0,018;R
59,521494;10,473;0,023;R
59,522154;10,525;0,018;R
59,522814;10,517;0,019;R
59,523473;10,488;0,021;R
59,524133;10,491;0,024;R
59,524804;10,532;0,018;R
59,525464;10,698;0,048;R
59,526135;10,486;0,019;R
59,526795;10,622;0,037;R
59,527466;10,507;0,047;R
59,528138;10,582;0,034;R
59,528786;10,522;0,018;R
59,531448;10,615;0,019;R
59,532119;10,509;0,019;R
59,532779;10,302;0,062;R
59,533439;10,601;0,06;R
59,53411;10,515;0,018;R
59,53477;10,514;0,019;R
59,535441;10,606;0,025;R
59,536112;10,59;0,076;R
59,536772;10,572;0,018;R
59,537432;10,387;0,032;R
59,538774;10,568;0,02;R
59,539446;10,673;0,052;R
59,540094;10,572;0,069;R
59,541425;10,495;0,018;R
59,542084;10,525;0,018;R
59,543404;10,393;0,028;R
60,493288;10,534;0,019;R
60,493936;10,585;0,018;R
60,494584;10,58;0,018;R
60,495244;10,546;0,019;R
60,495892;10,546;0,019;R
60,496552;10,573;0,018;R
60,497212;10,573;0,018;R
60,497848;10,578;0,018;R
60,498508;10,527;0,018;R
60,499145;10,578;0,018;R
60,499804;10,562;0,019;R
60,500453;10,576;0,018;R
60,501101;10,549;0,018;R
60,50176;10,553;0,018;R
60,502432;10,59;0,017;R
60,503103;10,595;0,017;R
60,50374;10,581;0,018;R
60,504399;10,555;0,018;R
60,505059;10,565;0,018;R
60,505707;10,59;0,018;R
60,506378;10,544;0,018;R
60,507038;10,574;0,018;R
60,507709;10,587;0,019;R
60,508346;10,545;0,018;R
60,509017;10,563;0,017;R
60,509677;10,532;0,019;R
60,510337;10,542;0,018;R
60,510996;10,586;0,018;R
60,511645;10,572;0,018;R
60,512304;10,556;0,017;R
60,512964;10,585;0,018;R
60,513612;10,57;0,017;R
60,51426;10,54;0,017;R
60,514932;10,577;0,018;R
60,515591;10,542;0,018;R
60,516263;10,586;0,017;R
60,516922;10,56;0,018;R
60,517571;10,582;0,019;R
60,518219;10,55;0,018;R
60,518878;10,563;0,019;R
60,519538;10,569;0,019;R
60,520209;10,57;0,018;R
60,520869;10,552;0,019;R
60,521529;10,558;0,017;R
60,522177;10,571;0,018;R
60,522837;10,58;0,018;R
60,523496;10,559;0,018;R
60,524145;10,549;0,018;R
60,524793;10,557;0,018;R
60,525453;10,551;0,018;R
60,526101;10,535;0,018;R
60,52676;10,563;0,017;R
60,52742;10,598;0,018;R
60,52808;10,584;0,018;R
60,528728;10,571;0,018;R
60,529376;10,575;0,018;R
60,530047;10,575;0,018;R
60,530707;10,593;0,018;R
60,531367;10,566;0,018;R
60,532027;10,593;0,017;R
60,532686;10,529;0,018;R
60,533358;10,543;0,018;R
60,534017;10,578;0,017;R
60,534677;10,539;0,018;R
60,535337;10,577;0,017;R
60,535996;10,586;0,018;R
60,536656;10,59;0,018;R
60,537316;10,576;0,018;R
60,537976;10,57;0,018;R
60,538647;10,565;0,018;R
60,539295;10,569;0,018;R
60,539966;10,578;0,018;R
60,540638;10,558;0,018;R
61,473925;10,734;0,018;R
61,474584;10,7;0,019;R
61,475256;10,737;0,018;R
61,475915;10,737;0,019;R
61,476575;10,741;0,018;R
61,477235;10,722;0,018;R
61,477895;10,703;0,019;R
61,478554;10,752;0,018;R
61,479226;10,742;0,019;R
61,479885;10,703;0,019;R
61,480557;10,713;0,019;R
61,481205;10,707;0,019;R
61,481876;10,749;0,018;R
61,482536;10,761;0,018;R
61,483196;10,734;0,018;R
61,483844;10,711;0,018;R
61,484503;10,721;0,018;R
61,485175;10,702;0,018;R
61,485834;10,754;0,018;R
61,486494;10,727;0,018;R
61,487154;10,741;0,019;R
61,487837;10,75;0,018;R
61,488508;10,732;0,018;R
61,489168;10,739;0,018;R
61,489839;10,738;0,018;R
61,490487;10,685;0,018;R
61,491147;10,729;0,018;R
61,491818;10,722;0,018;R
61,492478;10,726;0,019;R
61,493138;10,737;0,018;R
61,493797;10,727;0,019;R
61,494457;10,742;0,018;R
61,495117;10,716;0,018;R
61,495777;10,734;0,018;R
61,496436;10,721;0,019;R
61,497096;10,714;0,018;R
61,497767;10,719;0,018;R
61,498427;10,761;0,018;R
61,499098;10,742;0,018;R
61,499746;10,727;0,018;R
61,500418;10,743;0,018;R
61,501089;10,756;0,018;R
61,501749;10,71;0,019;R
61,502409;10,727;0,018;R
61,50308;10,712;0,018;R
61,503751;10,749;0,018;R
61,504399;10,746;0,018;R
61,505071;10,726;0,019;R
61,50573;10,725;0,018;R
61,506402;10,764;0,018;R
61,507073;10,716;0,019;R
61,507721;10,747;0,018;R
61,508392;10,755;0,019;R
61,509064;10,764;0,018;R
61,509712;10,727;0,019;R
61,510383;10,724;0,018;R
61,511031;10,758;0,018;R
61,511703;10,705;0,018;R
61,512374;10,745;0,018;R
61,513022;10,762;0,018;R
61,513693;10,745;0,018;R
61,514365;10,728;0,018;R
61,515013;10,757;0,018;R
61,515684;10,739;0,019;R
61,516332;10,738;0,018;R
61,517003;10,707;0,019;R
61,517663;10,754;0,018;R
61,518323;10,742;0,018;R
61,518994;10,724;0,019;R
61,519665;10,8;0,018;R
61,520337;10,736;0,019;R
61,520996;10,751;0,019;R
61,521645;10,724;0,019;R
61,522316;10,728;0,019;R
61,522987;10,753;0,019;R
61,523659;10,772;0,018;R
61,524307;10,751;0,019;R
61,524978;10,714;0,018;R
61,525649;10,747;0,019;R
61,526321;10,74;0,019;R
61,526992;10,761;0,019;R
61,52764;10,77;0,018;R
61,528311;10,772;0,019;R
61,528983;10,748;0,018;R
61,529631;10,722;0,019;R
61,530302;10,758;0,019;R
61,530973;10,774;0,018;R
61,531645;10,739;0,018;R
61,532316;10,743;0,018;R
61,532976;10,755;0,018;R
61,533647;10,731;0,019;R
61,534318;10,739;0,018;R
61,534978;10,722;0,019;R
61,535649;10,787;0,018;R
61,536321;10,767;0,018;R
61,536992;10,733;0,019;R
61,537652;10,747;0,019;R
62,471043;10,76;0,018;R
62,471703;10,791;0,018;R
62,472362;10,754;0,018;R
62,47301;10,751;0,019;R
62,47367;10,739;0,019;R
62,47433;10,746;0,019;R
62,475001;10,733;0,019;R
62,475649;10,744;0,019;R
62,476309;10,761;0,018;R
62,47698;10,754;0,018;R
62,47764;10,736;0,019;R
62,4783;10,75;0,018;R
62,478959;10,757;0,019;R
62,479619;10,761;0,018;R
62,480279;10,731;0,019;R
62,480939;10,72;0,019;R
62,481598;10,733;0,019;R
62,48227;10,754;0,018;R
62,482918;10,759;0,018;R
62,483566;10,74;0,018;R
62,484226;10,7;0,018;R
62,484897;10,711;0,019;R
62,485545;10,722;0,019;R
62,486193;10,785;0,019;R
62,486853;10,733;0,019;R
62,487513;10,782;0,018;R
62,488172;10,774;0,018;R
62,488832;10,743;0,018;R
62,489492;10,731;0,018;R
62,490163;10,755;0,019;R
62,490811;10,737;0,018;R
62,491471;10,719;0,019;R
62,492142;10,797;0,018;R
62,49279;10,744;0,018;R
62,493462;10,712;0,018;R
62,494133;10,754;0,018;R
62,494793;10,728;0,018;R
62,495441;10,747;0,018;R
62,496101;10,765;0,018;R
62,49676;10,751;0,018;R
62,49742;10,759;0,019;R
62,49808;10,73;0,018;R
62,498751;10,718;0,018;R
62,499411;10,722;0,019;R
62,500082;10,746;0,018;R
62,500753;10,746;0,018;R
62,501402;10,746;0,019;R
62,502073;10,74;0,019;R
62,502721;10,733;0,018;R
62,503392;10,711;0,02;R
62,504052;10,729;0,019;R
62,504723;10,716;0,018;R
62,505371;10,695;0,019;R
62,506043;10,77;0,019;R
62,506691;10,769;0,018;R
62,507362;10,732;0,019;R
62,50801;10,694;0,023;R
62,508682;10,727;0,021;R
62,509353;10,738;0,022;R
62,510001;10,783;0,026;R
62,510661;10,774;0,027;R
62,511321;10,736;0,042;R
62,511992;10,773;0,037;R
62,512663;10,777;0,054;R
62,521321;10,768;0,058;R
62,52198;10,734;0,034;R
62,522652;10,817;0,032;R
62,523311;10,737;0,03;R
62,523983;10,706;0,023;R
62,524631;10,746;0,02;R
62,525302;10,737;0,022;R
62,525973;10,744;0,019;R
62,526633;10,732;0,019;R
62,527304;10,757;0,018;R
62,527953;10,754;0,019;R
62,528624;10,739;0,018;R
62,529272;10,741;0,018;R
62,529943;10,724;0,019;R
62,530615;10,722;0,019;R
62,531286;10,715;0,019;R
62,531957;10,73;0,019;R
62,532617;10,68;0,019;R
62,533288;10,705;0,019;R
62,533959;10,749;0,018;R
62,534608;10,75;0,018;R
62,535279;10,758;0,018;R
63,4683;10,629;0,019;R
63,468971;10,654;0,019;R
63,469631;10,656;0,019;R
63,47029;10,667;0,019;R
63,47095;10,656;0,019;R
63,47161;10,656;0,019;R
63,472258;10,634;0,019;R
63,472929;10,61;0,018;R
63,473589;10,602;0,018;R
63,474249;10,631;0,018;R
63,474909;10,625;0,018;R
63,475568;10,648;0,017;R
63,476228;10,651;0,018;R
63,476888;10,647;0,018;R
63,477559;10,624;0,018;R
63,478219;10,63;0,018;R
63,47889;10,63;0,018;R
63,47955;10,598;0,019;R
63,480209;10,612;0,018;R
63,480869;10,669;0,019;R
63,481529;10,66;0,018;R
63,482189;10,613;0,019;R
63,482837;10,617;0,019;R
63,483496;10,608;0,019;R
63,484168;10,629;0,018;R
63,484828;10,639;0,019;R
63,485487;10,633;0,018;R
63,486147;10,644;0,018;R
63,486807;10,659;0,018;R
63,487466;10,636;0,018;R
63,488138;10,659;0,018;R
63,488786;10,662;0,017;R
63,489457;10,655;0,019;R
63,490105;10,652;0,019;R
63,490765;10,592;0,019;R
63,491425;10,653;0,019;R
63,492084;10,66;0,018;R
63,492744;10,595;0,018;R
63,493415;10,654;0,018;R
63,494075;10,688;0,018;R
63,494735;10,652;0,018;R
63,495406;10,604;0,018;R
63,496066;10,663;0,018;R
63,496737;10,645;0,018;R
63,497409;10,657;0,018;R
63,498057;10,679;0,018;R
63,49874;10,671;0,018;R
63,499411;10,658;0,018;R
63,500059;10,678;0,018;R
63,500719;10,654;0,019;R
63,50139;10,669;0,018;R
63,50205;10,673;0,018;R
63,502721;10,654;0,018;R
63,503381;10,646;0,019;R
63,504052;10,666;0,018;R
63,504712;10,659;0,019;R
63,505371;10,659;0,018;R
63,506043;10,654;0,019;R
63,506691;10,673;0,018;R
63,507362;10,647;0,018;R
63,508022;10,662;0,018;R
63,508693;10,669;0,019;R
63,509365;10,663;0,018;R
63,510036;10,666;0,018;R
63,510684;10,642;0,018;R
63,511355;10,679;0,019;R
63,512027;10,665;0,018;R
63,512686;10,608;0,019;R
63,513358;10,666;0,018;R
63,514029;10,645;0,018;R
63,514689;10,679;0,017;R
63,515348;10,659;0,018;R
63,51602;10,642;0,018;R
63,516679;10,636;0,018;R
63,517351;10,633;0,018;R
63,518022;10,639;0,019;R
63,518693;10,637;0,018;R
63,519365;10,584;0,019;R
63,520024;10,638;0,019;R
63,520684;10,631;0,018;R
63,521355;10,631;0,019;R
63,522027;10,644;0,018;R
63,522698;10,619;0,018;R
63,523346;10,636;0,018;R
63,524006;10,609;0,019;R
63,524677;10,579;0,036;R
63,525348;10,64;0,036;R
63,525996;10,595;0,032;R
63,526668;10,645;0,032;R
63,527339;10,633;0,035;R
63,527987;10,617;0,035;R
63,528659;10,66;0,035;R
63,52933;10,611;0,038;R
63,52999;10,622;0,037;R
63,530649;10,608;0,039;R
63,531321;10,612;0,019;R
63,531992;10,682;0,018;R
64,465522;10,729;0,019;R
64,466182;10,743;0,02;R
64,466841;10,748;0,019;R
64,467501;10,744;0,019;R
64,468172;10,759;0,019;R
64,468821;10,734;0,019;R
64,46948;10,75;0,019;R
64,47014;10,722;0,02;R
64,4708;10,755;0,019;R
64,471459;10,782;0,018;R
64,472119;10,724;0,019;R
64,472779;10,775;0,019;R
64,47345;10,759;0,018;R
64,47411;10,76;0,018;R
64,47477;10,755;0,019;R
64,475429;10,749;0,019;R
64,476089;10,728;0,019;R
64,476749;10,773;0,019;R
64,477409;10,765;0,019;R
64,478068;10,761;0,019;R
64,478728;10,759;0,019;R
64,479388;10,759;0,019;R
64,480047;10,743;0,019;R
64,480719;10,774;0,019;R
64,481367;10,791;0,019;R
64,482038;10,804;0,019;R
64,482686;10,763;0,02;R
64,483358;10,772;0,019;R
64,484006;10,758;0,018;R
64,484665;10,817;0,02;R
64,485325;10,769;0,019;R
64,485985;10,779;0,019;R
64,486645;10,77;0,018;R
64,487304;10,713;0,02;R
64,487976;10,777;0,02;R
64,488635;10,72;0,02;R
64,489307;10,787;0,02;R
64,489978;10,778;0,019;R
64,490638;10,78;0,019;R
64,491297;10,724;0,019;R
64,491957;10,743;0,018;R
64,492617;10,747;0,019;R
64,493288;10,757;0,019;R
64,493948;10,796;0,019;R
64,494619;10,738;0,019;R
64,495267;10,741;0,02;R
64,495939;10,767;0,019;R
64,496587;10,783;0,019;R
64,497258;10,772;0,019;R
64,497918;10,764;0,019;R
64,498578;10,735;0,019;R
64,499237;10,772;0,019;R
64,499897;10,802;0,019;R
64,500568;10,743;0,02;R
64,50124;10,811;0,019;R
64,501911;10,773;0,019;R
64,502571;10,711;0,02;R
64,503242;10,799;0,019;R
64,503913;10,769;0,019;R
64,504573;10,775;0,019;R
64,505233;10,771;0,02;R
64,505892;10,769;0,019;R
64,506564;10,732;0,02;R
64,507235;10,751;0,019;R
64,507883;10,758;0,019;R
64,508554;10,765;0,019;R
64,509226;10,778;0,019;R
64,509897;10,801;0,018;R
64,510545;10,771;0,02;R
64,511205;10,744;0,018;R
64,511876;10,756;0,019;R
64,512547;10,758;0,019;R
64,513207;10,736;0,019;R
64,513878;10,762;0,019;R
64,51455;10,772;0,02;R
64,515198;10,774;0,02;R
64,515869;10,752;0,019;R
64,51654;10,773;0,019;R
64,517212;10,746;0,02;R
64,51786;10,742;0,02;R
64,518531;10,744;0,019;R
64,519203;10,804;0,018;R
64,519874;10,745;0,019;R
64,520545;10,775;0,019;R
64,521228;10,751;0,02;R
64,521899;10,783;0,02;R
64,522571;10,792;0,02;R
64,52323;10,771;0,018;R
64,52389;10,766;0,018;R
64,524561;10,785;0,019;R
64,525233;10,815;0,019;R
64,525892;10,787;0,018;R
64,526564;10,806;0,019;R
64,527235;10,732;0,019;R
64,527906;10,753;0,019;R
64,528578;10,725;0,018;R
64,529249;10,737;0,019;R
65,462756;10,723;0,019;R
65,463404;10,695;0,019;R
65,464075;10,676;0,02;R
65,464735;10,739;0,019;R
65,465383;10,716;0,019;R
65,466054;10,745;0,019;R
65,466714;10,728;0,019;R
65,467385;10,748;0,019;R
65,468045;10,691;0,02;R
65,468693;10,72;0,019;R
65,469365;10,748;0,019;R
65,470024;10,726;0,019;R
65,470696;10,682;0,019;R
65,471355;10,728;0,019;R
65,472027;10,682;0,018;R
65,472686;10,731;0,018;R
65,473358;10,732;0,019;R
65,474006;10,713;0,018;R
65,474677;10,743;0,018;R
65,475337;10,724;0,019;R
65,475996;10,75;0,019;R
65,476656;10,701;0,019;R
65,477316;10,719;0,019;R
65,477976;10,763;0,019;R
65,478647;10,71;0,02;R
65,479307;10,695;0,02;R
65,479978;10,714;0,02;R
65,480638;10,684;0,019;R
65,481309;10,698;0,02;R
65,481969;10,697;0,019;R
65,482628;10,679;0,02;R
65,483288;10,74;0,019;R
65,483948;10,697;0,019;R
65,484608;10,663;0,019;R
65,485267;10,721;0,019;R
65,485939;10,655;0,02;R
65,48661;10,738;0,019;R
65,48727;10,714;0,019;R
65,487941;10,694;0,02;R
65,488612;10,71;0,019;R
65,489272;10,738;0,019;R
65,489932;10,693;0,02;R
65,490591;10,723;0,019;R
65,491263;10,72;0,018;R
65,491922;10,737;0,018;R
65,492582;10,721;0,019;R
65,493242;10,733;0,019;R
65,493913;10,653;0,02;R
65,494573;10,717;0,019;R
65,495233;10,753;0,019;R
65,495892;10,688;0,019;R
65,496564;10,695;0,019;R
65,497212;10,736;0,018;R
65,497871;10,722;0,018;R
65,498531;10,727;0,018;R
65,499203;10,734;0,018;R
65,499862;10,728;0,019;R
65,500522;10,764;0,018;R
65,501205;10,715;0,019;R
65,501865;10,722;0,018;R
65,502536;10,697;0,019;R
65,503207;10,718;0,018;R
65,503867;10,703;0,018;R
65,504538;10,744;0,018;R
65,505186;10,714;0,018;R
65,505858;10,739;0,018;R
65,506529;10,721;0,018;R
65,507177;10,694;0,019;R
65,507848;10,707;0,018;R
65,508508;10,712;0,018;R
65,509168;10,699;0,018;R
65,509839;10,737;0,019;R
65,51051;10,761;0,018;R
65,51117;10,713;0,018;R
65,51183;10,773;0,018;R
65,512501;10,694;0,018;R
65,513172;10,71;0,019;R
65,513832;10,72;0,019;R
65,514492;10,734;0,018;R
65,515163;10,69;0,018;R
65,515834;10,706;0,019;R
65,516494;10,717;0,018;R
65,517154;10,703;0,018;R
65,517825;10,728;0,018;R
65,518485;10,705;0,019;R
65,519145;10,758;0,034;R
65,519816;10,701;0,036;R
65,520476;10,749;0,034;R
65,521147;10,723;0,035;R
65,521818;10,739;0,031;R
65,522478;10,694;0,031;R
65,523149;10,706;0,038;R
65,523809;10,72;0,04;R
65,52448;10,704;0,037;R
65,525152;10,725;0,037;R
65,5258;10,717;0,037;R
65,526471;10,747;0,034;R
66,459966;11,049;0,019;R
66,460638;11,007;0,019;R
66,461297;11,034;0,02;R
66,461957;11,033;0,019;R
66,462617;11,01;0,02;R
66,463277;11,018;0,019;R
66,463936;11,005;0,02;R
66,464584;11,016;0,02;R
66,465244;11,005;0,02;R
66,465915;11,051;0,022;R
66,466564;11,013;0,02;R
66,467235;11,034;0,02;R
66,467895;11,036;0,02;R
66,468554;11,02;0,02;R
66,469203;11,054;0,019;R
66,469862;11,044;0,02;R
66,470522;11,04;0,019;R
66,471193;11,013;0,021;R
66,471853;10,987;0,021;R
66,472501;11,055;0,02;R
66,473161;11,018;0,021;R
66,473821;11,023;0,02;R
66,47448;11,034;0,019;R
66,47514;11,016;0,019;R
66,4758;11,039;0,02;R
66,476459;11,028;0,02;R
66,477131;11,018;0,019;R
66,47779;11,026;0,02;R
66,47845;11,023;0,019;R
66,47911;11,017;0,02;R
66,479781;11,027;0,019;R
66,480441;11,027;0,021;R
66,481101;11,005;0,02;R
66,48176;11,026;0,019;R
66,48242;11,053;0,019;R
66,483091;11,015;0,019;R
66,48374;11,074;0,019;R
66,484399;11,043;0,019;R
66,485071;11,069;0,019;R
66,48573;11,038;0,02;R
66,48639;11,067;0,02;R
66,48705;11,009;0,019;R
66,487721;11,028;0,019;R
66,488381;11,049;0,019;R
66,48904;11,052;0,019;R
66,489712;11,03;0,019;R
66,490371;11,016;0,019;R
66,491031;11,006;0,02;R
66,491703;11,038;0,019;R
66,492362;11,044;0,019;R
66,493022;11,025;0,02;R
66,493682;11,022;0,02;R
66,494353;11,035;0,019;R
66,495001;11,084;0,018;R
66,495661;11,038;0,02;R
66,496321;11,056;0,019;R
66,496969;10,992;0,02;R
66,497628;11,064;0,019;R
66,498288;11,031;0,019;R
66,498948;11,035;0,019;R
66,499619;11,028;0,019;R
66,500279;11,01;0,019;R
66,500939;11,042;0,019;R
66,501598;11,048;0,019;R
66,502246;11,048;0,019;R
66,502895;11,007;0,019;R
66,503543;11,047;0,019;R
66,504214;11,018;0,019;R
66,504874;11,032;0,019;R
66,505534;11,069;0,019;R
66,506205;11,04;0,019;R
66,506853;11,003;0,02;R
66,507524;11,041;0,019;R
66,508184;11,028;0,02;R
66,508855;11,07;0,019;R
66,509503;11;0,02;R
66,510175;11,073;0,019;R
66,510834;11,064;0,019;R
66,511494;11,054;0,019;R
66,512154;11,053;0,02;R
66,512825;11,038;0,02;R
66,513473;11,062;0,019;R
66,514133;11,074;0,034;R
66,514816;11,054;0,035;R
66,515464;11,069;0,034;R
66,516135;11,044;0,036;R
66,516795;11,009;0,038;R
66,517466;11,043;0,035;R
66,518138;11,034;0,037;R
66,518797;11,06;0,033;R
66,519457;11,054;0,036;R
66,520128;11,039;0,037;R
66,520788;11,025;0,035;R
66,521448;11,061;0,019;R
66,522108;11,045;0,019;R
66,522779;11,035;0,019;R
66,523427;11,059;0,02;R
66,524098;11,02;0,019;R
66,524758;11,046;0,02;R
67,457131;11,225;0,021;R
67,457802;11,289;0,021;R
67,458462;11,228;0,022;R
67,45911;11,245;0,022;R
67,45977;11,257;0,022;R
67,460418;11,267;0,021;R
67,461078;11,271;0,021;R
67,461737;11,273;0,021;R
67,462397;11,264;0,022;R
67,463057;11,202;0,022;R
67,463728;11,238;0,022;R
67,464388;11,239;0,021;R
67,465047;11,271;0,021;R
67,465719;11,213;0,021;R
67,466378;11,256;0,021;R
67,467038;11,232;0,02;R
67,467698;11,293;0,021;R
67,468358;11,268;0,021;R
67,469006;11,275;0,021;R
67,469665;11,278;0,02;R
67,470337;11,261;0,022;R
67,470996;11,216;0,021;R
67,471656;11,236;0,021;R
67,472304;11,29;0,022;R
67,472964;11,202;0,021;R
67,473624;11,2;0,021;R
67,474272;11,255;0,021;R
67,474943;11,269;0,021;R
67,475603;11,234;0,02;R
67,476263;11,223;0,021;R
67,476911;11,228;0,021;R
67,477582;11,237;0,021;R
67,478242;11,221;0,021;R
67,47889;11,196;0,021;R
67,47955;11,209;0,021;R
67,480233;11,236;0,021;R
67,480892;11,276;0,021;R
67,481552;11,211;0,021;R
67,482223;11,275;0,02;R
67,482871;11,255;0,021;R
67,483531;11,266;0,021;R
67,484191;11,226;0,021;R
67,484851;11,262;0,02;R
67,48551;11,258;0,021;R
67,48617;11,237;0,021;R
67,48683;11,222;0,021;R
67,48749;11,265;0,02;R
67,488161;11,224;0,02;R
67,488809;11,198;0,021;R
67,489469;11,234;0,021;R
67,490128;11,221;0,021;R
67,490788;11,266;0,021;R
67,491459;11,26;0,022;R
67,492108;11,254;0,02;R
67,492767;11,247;0,021;R
67,493439;11,201;0,021;R
67,494098;11,239;0,021;R
67,494758;11,223;0,02;R
67,495429;11,24;0,02;R
67,496089;11,251;0,02;R
67,496749;11,203;0,02;R
67,497409;11,262;0,02;R
67,49808;11,24;0,02;R
67,498728;11,165;0,02;R
67,499388;11,234;0,021;R
67,500059;11,211;0,02;R
67,500707;11,233;0,02;R
67,501378;11,226;0,02;R
67,502038;11,213;0,02;R
67,502709;11,214;0,02;R
67,503369;11,254;0,02;R
67,504029;11,188;0,021;R
67,5047;11,259;0,02;R
67,50536;11,231;0,02;R
67,50602;11,251;0,02;R
67,506679;11,217;0,02;R
67,507339;11,233;0,02;R
67,507999;11,232;0,021;R
67,508659;11,228;0,02;R
67,50933;11,25;0,019;R
67,509978;11,21;0,02;R
67,510638;11,223;0,021;R
67,511309;11,228;0,02;R
67,511969;11,217;0,02;R
67,51264;11,25;0,036;R
67,513288;11,18;0,039;R
67,513959;11,185;0,038;R
67,514608;11,201;0,039;R
67,515279;11,244;0,035;R
67,515927;11,223;0,033;R
67,516598;11,192;0,037;R
67,517281;11,229;0,037;R
67,517953;11,202;0,021;R
67,518624;11,244;0,03;R
67,519307;11,184;0,033;R
67,519978;11,215;0,021;R
67,520638;11,209;0,021;R
67,521297;11,192;0,021;R
67,521969;11,219;0,021;R
68,454434;10,831;0,019;R
68,455094;10,766;0,019;R
68,455753;10,757;0,019;R
68,456413;10,795;0,019;R
68,457061;10,763;0,019;R
68,457721;10,786;0,019;R
68,458381;10,824;0,019;R
68,45904;10,787;0,019;R
68,4597;10,812;0,019;R
68,460371;10,79;0,019;R
68,46102;10,758;0,02;R
68,461679;10,821;0,019;R
68,462339;10,781;0,019;R
68,462999;10,802;0,018;R
68,463659;10,831;0,019;R
68,46433;10,799;0,019;R
68,464978;10,763;0,019;R
68,465638;10,781;0,019;R
68,466309;10,797;0,019;R
68,466957;10,819;0,019;R
68,467628;10,759;0,02;R
68,468277;10,756;0,02;R
68,468948;10,794;0,019;R
68,469596;10,809;0,019;R
68,470267;10,775;0,019;R
68,470915;10,796;0,019;R
68,471575;10,77;0,019;R
68,472235;10,762;0,019;R
68,472906;10,8;0,019;R
68,473554;10,781;0,018;R
68,474214;10,785;0,018;R
68,474885;10,781;0,019;R
68,475545;10,817;0,018;R
68,476193;10,757;0,018;R
68,476865;10,784;0,019;R
68,477536;10,802;0,018;R
68,478196;10,761;0,018;R
68,478844;10,749;0,019;R
68,479515;10,741;0,019;R
68,480163;10,725;0,019;R
68,480823;10,768;0,019;R
68,481494;10,756;0,019;R
68,482165;10,764;0,019;R
68,482825;10,772;0,019;R
68,483496;10,801;0,019;R
68,484156;10,767;0,019;R
68,484828;10,783;0,018;R
68,485499;10,75;0,019;R
68,486147;10,737;0,019;R
68,486818;10,773;0,019;R
68,487478;10,759;0,019;R
68,488138;10,778;0,019;R
68,488797;10,749;0,019;R
68,489469;10,735;0,019;R
68,49014;10,779;0,018;R
68,490788;10,757;0,019;R
68,491459;10,765;0,019;R
68,492108;10,766;0,019;R
68,492779;10,776;0,019;R
68,493427;10,794;0,018;R
68,494098;10,777;0,019;R
68,49477;10,762;0,019;R
68,495429;10,808;0,019;R
68,496101;10,766;0,019;R
68,49676;10,75;0,02;R
68,49742;10,776;0,019;R
68,49808;10,768;0,019;R
68,498751;10,763;0,02;R
68,499411;10,746;0,019;R
68,500071;10,736;0,019;R
68,50073;10,792;0,02;R
68,501402;10,761;0,02;R
68,50205;10,781;0,018;R
68,502721;10,761;0,019;R
68,503392;10,78;0,019;R
68,504052;10,766;0,019;R
68,504723;10,761;0,018;R
68,505395;10,756;0,018;R
68,506054;10,764;0,019;R
68,506726;10,756;0,018;R
68,507385;10,718;0,019;R
68,508057;10,737;0,02;R
68,508728;10,705;0,019;R
68,509399;10,728;0,019;R
68,510059;10,742;0,019;R
68,51073;10,729;0,02;R
68,511402;10,767;0,019;R
68,512073;10,767;0,019;R
68,512733;10,759;0,019;R
68,513404;10,769;0,019;R
68,514064;10,724;0,019;R
68,514735;10,753;0,019;R
68,515406;10,751;0,019;R
68,516066;10,764;0,018;R
68,516714;10,764;0,018;R
68,517385;10,738;0,019;R
68,518057;10,77;0,019;R
68,518716;10,769;0,018;R
68,519365;10,767;0,019;R
68,88626;10,596;0,003;R
68,96009;10,539;0,004;R
69,03823;10,565;0,005;R
69,452096;10,78;0,02;R
69,452767;10,814;0,019;R
69,453415;10,821;0,02;R
69,454075;10,814;0,019;R
69,454735;10,814;0,02;R
69,455406;10,824;0,019;R
69,456054;10,778;0,02;R
69,456714;10,853;0,019;R
69,457385;10,817;0,02;R
69,458034;10,824;0,019;R
69,458693;10,815;0,02;R
69,459365;10,79;0,02;R
69,460013;10,806;0,019;R
69,460672;10,833;0,02;R
69,461332;10,812;0,02;R
69,462003;10,766;0,02;R
69,462663;10,782;0,02;R
69,463334;10,792;0,019;R
69,463994;10,847;0,02;R
69,464665;10,812;0,02;R
69,465314;10,887;0,021;R
69,465973;10,787;0,019;R
69,466633;10,79;0,02;R
69,467304;10,816;0,02;R
69,467964;10,851;0,02;R
69,468624;10,872;0,02;R
69,469295;10,776;0,021;R
69,469955;10,806;0,02;R
69,470626;10,79;0,02;R
69,471286;10,84;0,02;R
69,471946;10,809;0,02;R
69,472617;10,844;0,02;R
69,473265;10,843;0,02;R
69,473936;10,856;0,021;R
69,474584;10,837;0,02;R
69,475256;10,848;0,019;R
69,475915;10,81;0,021;R
69,476575;10,795;0,02;R
69,477246;10,844;0,02;R
69,477918;10,842;0,02;R
69,478566;10,797;0,022;R
69,479237;10,748;0,021;R
69,479885;10,847;0,02;R
69,480557;10,83;0,02;R
69,481205;10,857;0,02;R
69,481876;10,835;0,019;R
69,482547;10,812;0,02;R
69,483196;10,812;0,02;R
69,483867;10,841;0,019;R
69,484527;10,853;0,019;R
69,485175;10,801;0,019;R
69,485846;10,885;0,018;R
69,486494;10,811;0,019;R
69,487165;10,838;0,019;R
69,487814;10,825;0,019;R
69,488485;10,828;0,02;R
69,489156;10,836;0,02;R
69,489804;10,818;0,019;R
69,490476;10,867;0,019;R
69,491147;10,831;0,02;R
69,491807;10,823;0,019;R
69,492455;10,84;0,019;R
69,493126;10,85;0,019;R
69,493797;10,818;0,019;R
69,494446;10,781;0,019;R
69,495117;10,8;0,02;R
69,495765;10,852;0,019;R
69,496436;10,857;0,019;R
69,497096;10,833;0,02;R
69,497756;10,767;0,019;R
69,498427;10,816;0,02;R
69,499098;10,852;0,019;R
69,499746;10,827;0,019;R
69,500418;10,779;0,02;R
69,501078;10,821;0,019;R
69,501737;10,793;0,019;R
69,502409;10,833;0,019;R
69,50308;10,806;0,019;R
69,503728;10,812;0,02;R
69,504399;10,801;0,02;R
69,505059;10,827;0,019;R
69,50573;10,828;0,019;R
69,50639;10,818;0,019;R
69,507061;10,788;0,02;R
69,507721;10,784;0,02;R
69,508392;10,837;0,02;R
69,509064;10,79;0,02;R
69,509735;10,77;0,019;R
69,510395;10,786;0,02;R
69,511054;10,81;0,019;R
69,511726;10,815;0,019;R
69,512385;10,815;0,018;R
69,513057;10,797;0,019;R
69,513716;10,783;0,019;R
69,514388;10,79;0,019;R
69,515047;10,841;0,019;R
69,515719;10,826;0,018;R
69,51639;10,813;0,019;R
69,88328;10,637;0,007;R
70,448844;10,811;0,02;R
70,449503;10,798;0,019;R
70,450163;10,823;0,019;R
70,450823;10,781;0,019;R
70,451471;10,788;0,019;R
70,452131;10,808;0,02;R
70,45279;10,833;0,019;R
70,453439;10,771;0,019;R
70,454087;10,823;0,019;R
70,454746;10,812;0,019;R
70,455406;10,842;0,019;R
70,456066;10,833;0,02;R
70,456726;10,833;0,019;R
70,457385;10,834;0,019;R
70,458045;10,79;0,019;R
70,458705;10,805;0,019;R
70,459365;10,794;0,019;R
70,460036;10,806;0,02;R
70,460684;10,855;0,019;R
70,461355;10,818;0,019;R
70,462015;10,838;0,018;R
70,462675;10,807;0,02;R
70,463346;10,786;0,02;R
70,464006;10,764;0,019;R
70,464665;10,813;0,019;R
70,465325;10,795;0,019;R
70,465985;10,801;0,019;R
70,466645;10,794;0,019;R
70,467304;10,78;0,019;R
70,467964;10,798;0,019;R
70,468624;10,753;0,019;R
70,469295;10,79;0,019;R
70,469955;10,843;0,018;R
70,470626;10,81;0,019;R
70,471274;10,812;0,019;R
70,471946;10,78;0,019;R
70,472594;10,834;0,018;R
70,473265;10,804;0,019;R
70,473913;10,8;0,019;R
70,474584;10,81;0,019;R
70,475233;10,827;0,019;R
70,475892;10,833;0,019;R
70,476552;10,832;0,019;R
70,477212;10,82;0,019;R
70,477883;10,817;0,019;R
70,478531;10,823;0,018;R
70,479203;10,861;0,019;R
70,479851;10,798;0,019;R
70,480522;10,781;0,019;R
70,48117;10,824;0,018;R
70,48183;10,818;0,02;R
70,48249;10,824;0,019;R
70,483149;10,834;0,019;R
70,483809;10,846;0,018;R
70,48448;10,833;0,019;R
70,485128;10,808;0,019;R
70,4858;10,792;0,018;R
70,486448;10,8;0,019;R
70,487119;10,842;0,019;R
70,487767;10,829;0,019;R
70,488439;10,818;0,018;R
70,489087;10,842;0,019;R
70,489758;10,81;0,019;R
70,490418;10,81;0,019;R
70,491089;10,832;0,019;R
70,49176;10,81;0,019;R
70,492409;10,833;0,019;R
70,49308;10,871;0,019;R
70,493763;10,827;0,019;R
70,494411;10,826;0,019;R
70,495082;10,809;0,019;R
70,49573;10,779;0,019;R
70,496402;10,827;0,019;R
70,497061;10,825;0,019;R
70,497721;10,817;0,019;R
70,498392;10,783;0,019;R
70,499064;10,845;0,019;R
70,499723;10,803;0,019;R
70,500395;10,818;0,019;R
70,501066;10,786;0,019;R
70,501714;10,822;0,019;R
70,502385;10,856;0,019;R
70,503057;10,792;0,019;R
70,503705;10,829;0,019;R
70,504376;10,817;0,019;R
70,505047;10,779;0,02;R
70,505707;10,836;0,019;R
70,506367;10,861;0,02;R
70,507038;10,798;0,018;R
70,507686;10,826;0,019;R
70,508358;10,835;0,019;R
70,509029;10,808;0,019;R
70,5097;10,853;0,019;R
70,510371;10,805;0,019;R
70,511031;10,812;0,019;R
70,511691;10,872;0,019;R
70,512362;10,857;0,019;R
70,51301;10,85;0,019;R
70,513682;10,835;0,034;R
70,82989;10,83;0,005;R
70,8302;10,825;0,005;R
70,83051;10,825;0,005;R
70,83082;10,808;0,005;R
70,83114;10,828;0,005;R
70,83145;10,818;0,005;R
70,83176;10,819;0,005;R
70,83207;10,822;0,005;R
70,8324;10,824;0,005;R
70,83272;10,829;0,005;R
71,446043;10,988;0,021;R
71,446691;10,973;0,022;R
71,447339;10,986;0,023;R
71,44801;10,954;0,022;R
71,44867;10,995;0,022;R
71,44933;10,982;0,023;R
71,44999;10,991;0,023;R
71,450649;11,006;0,023;R
71,451297;10,956;0,023;R
71,451946;10,977;0,023;R
71,452605;10,96;0,023;R
71,453277;11,005;0,023;R
71,453936;10,999;0,022;R
71,454584;10,982;0,021;R
71,455256;10,984;0,022;R
71,455915;10,975;0,022;R
71,456575;10,971;0,022;R
71,457246;10,909;0,023;R
71,457906;10,989;0,023;R
71,458566;11,013;0,023;R
71,459237;10,97;0,023;R
71,459897;11,001;0,023;R
71,460557;10,997;0,022;R
71,461216;11,001;0,023;R
71,461888;11,054;0,022;R
71,462559;11,041;0,022;R
71,463219;10,994;0,022;R
71,46389;10,975;0,022;R
71,464561;11,004;0,021;R
71,465221;10,994;0,023;R
71,465881;10,983;0,024;R
71,46654;10,993;0,023;R
71,467212;10,921;0,023;R
71,467871;11,021;0,024;R
71,468543;10,97;0,023;R
71,469203;10,984;0,022;R
71,469874;11,012;0,021;R
71,470545;10,975;0,022;R
71,471216;11,001;0,022;R
71,471888;11,018;0,023;R
71,472536;10,998;0,022;R
71,473207;11,001;0,023;R
71,473867;11,024;0,021;R
71,474527;11,014;0,022;R
71,475198;10,967;0,022;R
71,475858;10,998;0,023;R
71,476529;11,019;0,022;R
71,477189;11,008;0,023;R
71,47786;11,001;0,023;R
71,478531;10,97;0,023;R
71,479191;10,952;0,023;R
71,479862;11,025;0,023;R
71,480522;11,003;0,023;R
71,481193;10,982;0,022;R
71,481853;10,97;0,023;R
71,482524;11,021;0,023;R
71,483184;10,95;0,023;R
71,483855;10,971;0,022;R
71,484527;11,026;0,022;R
71,485198;10,979;0,024;R
71,485858;10,951;0,023;R
71,486517;10,976;0,023;R
71,487165;11,026;0,022;R
71,487837;11,027;0,022;R
71,488496;10,986;0,023;R
71,489156;11,059;0,022;R
71,489816;11,003;0,022;R
71,490487;11,071;0,022;R
71,491159;10,998;0,023;R
71,49183;11,004;0,023;R
71,492501;11,006;0,023;R
71,493172;11,047;0,022;R
71,493844;11,001;0,022;R
71,494503;10,999;0,022;R
71,495152;10,98;0,023;R
71,495823;11,013;0,023;R
71,496494;11,073;0,021;R
71,497154;11,011;0,022;R
71,497802;11,047;0,022;R
71,498473;11,028;0,022;R
71,499145;11,022;0,022;R
71,499816;11,004;0,023;R
71,500487;10,976;0,023;R
71,501159;10,999;0,022;R
71,50183;11,011;0,022;R
71,502501;10,993;0,023;R
71,503172;11,016;0,023;R
71,503844;11,06;0,022;R
71,504515;10,975;0,024;R
71,505163;11,03;0,023;R
71,505834;11,011;0,025;R
71,506506;10,999;0,023;R
71,507177;10,992;0,024;R
71,50786;11,02;0,023;R
71,50852;11,027;0,023;R
71,509168;11,015;0,022;R
71,509851;11,028;0,022;R
71,510522;11,018;0,037;R
71,66636;10,975;0,008;R
71,66667;10,948;0,008;R
71,66698;10,949;0,009;R
71,66729;11,005;0,009;R
71,66761;10,947;0,009;R
71,66792;10,99;0,008;R
71,66823;10,978;0,009;R
71,66854;10,973;0,009;R
71,66884;10,981;0,009;R
71,66917;10,974;0,009;R
72,443288;11,255;0,024;R
72,443936;11,232;0,023;R
72,444608;11,211;0,024;R
72,445267;11,179;0,023;R
72,445915;11,191;0,024;R
72,446575;11,214;0,023;R
72,447235;11,199;0,024;R
72,447906;11,18;0,024;R
72,448566;11,2;0,023;R
72,449226;11,199;0,023;R
72,449897;11,199;0,023;R
72,450557;11,236;0,023;R
72,451228;11,208;0,024;R
72,451876;11,223;0,024;R
72,452524;11,208;0,024;R
72,453196;11,235;0,023;R
72,453844;11,217;0,024;R
72,454503;11,238;0,023;R
72,455163;11,191;0,024;R
72,455834;11,222;0,023;R
72,456483;11,222;0,023;R
72,457131;11,222;0,024;R
72,457802;11,226;0,024;R
72,458462;11,26;0,024;R
72,459133;11,213;0,024;R
72,459793;11,227;0,025;R
72,460441;11,231;0,024;R
72,461112;11,217;0,025;R
72,461772;11,182;0,024;R
72,462443;11,249;0,023;R
72,463115;11,216;0,024;R
72,463774;11,216;0,024;R
72,464434;11,248;0,024;R
72,465105;11,228;0,025;R
72,465765;11,191;0,024;R
72,466425;11,206;0,026;R
72,467096;11,235;0,023;R
72,467744;11,215;0,025;R
72,468415;11,274;0,024;R
72,469075;11,218;0,023;R
72,469746;11,21;0,025;R
72,470406;11,191;0,024;R
72,471066;11,224;0,024;R
72,471726;11,201;0,023;R
72,472397;11,212;0,026;R
72,473057;11,193;0,024;R
72,473705;11,215;0,024;R
72,474365;11,217;0,025;R
72,475036;11,221;0,023;R
72,475684;11,207;0,024;R
72,476355;11,225;0,024;R
72,477003;11,198;0,025;R
72,477675;11,245;0,024;R
72,478346;11,24;0,024;R
72,479006;11,198;0,023;R
72,479677;11,243;0,024;R
72,480337;11,248;0,024;R
72,480996;11,224;0,025;R
72,481668;11,227;0,024;R
72,482328;11,194;0,024;R
72,482999;11,247;0,024;R
72,48367;11,224;0,023;R
72,48433;11,224;0,025;R
72,485001;11,218;0,024;R
72,485661;11,255;0,024;R
72,486321;11,21;0,024;R
72,48698;11,218;0,024;R
72,487652;11,239;0,023;R
72,488311;11,244;0,024;R
72,488983;11,213;0,023;R
72,489642;11,226;0,023;R
72,490302;11,221;0,024;R
72,490962;11,238;0,023;R
72,491621;11,206;0,024;R
72,492293;11,286;0,023;R
72,492964;11,173;0,024;R
72,493635;11,238;0,025;R
72,494295;11,195;0,025;R
72,494955;11,212;0,024;R
72,495615;11,253;0,025;R
72,496274;11,208;0,024;R
72,496934;11,239;0,024;R
72,497605;11,227;0,024;R
72,498265;11,222;0,023;R
72,498936;11,23;0,024;R
72,499596;11,195;0,026;R
72,500267;11,241;0,024;R
72,500927;11,197;0,024;R
72,501587;11,239;0,025;R
72,502258;11,269;0,024;R
72,502918;11,199;0,024;R
72,503578;11,273;0,024;R
72,504237;11,228;0,038;R
72,504897;11,231;0,041;R
72,505557;11,183;0,037;R
72,506216;11,251;0,039;R
72,506888;11,28;0,042;R
72,507547;11,224;0,025;R
72,508219;11,228;0,026;R
73,440487;11,466;0,029;R
73,441135;11,414;0,027;R
73,441784;11,441;0,027;R
73,442455;11,392;0,029;R
73,443115;11,393;0,029;R
73,443774;11,409;0,029;R
73,444422;11,446;0,029;R
73,445082;11,448;0,029;R
73,445753;11,385;0,029;R
73,446413;11,383;0,028;R
73,447061;11,396;0,029;R
73,447721;11,43;0,027;R
73,448392;11,394;0,03;R
73,449052;11,361;0,03;R
73,449712;11,448;0,029;R
73,450371;11,394;0,027;R
73,451031;11,457;0,029;R
73,451679;11,484;0,027;R
73,452339;11,45;0,028;R
73,452999;11,44;0,029;R
73,453659;11,433;0,028;R
73,454307;11,457;0,028;R
73,454955;11,497;0,027;R
73,455603;11,457;0,03;R
73,456274;11,48;0,029;R
73,456934;11,445;0,029;R
73,457594;11,458;0,027;R
73,458253;11,426;0,028;R
73,458913;11,49;0,028;R
73,459573;11,458;0,029;R
73,460221;11,441;0,028;R
73,460869;11,446;0,029;R
73,461529;11,436;0,028;R
73,4622;11,409;0,029;R
73,462848;11,486;0,029;R
73,463508;11,397;0,029;R
73,464168;11,448;0,029;R
73,464828;11,414;0,028;R
73,465487;11,514;0,029;R
73,466147;11,385;0,027;R
73,466818;11,419;0,029;R
73,46749;11,421;0,029;R
73,468149;11,423;0,029;R
73,468809;11,438;0,029;R
73,46948;11,395;0,029;R
73,47014;11,367;0,029;R
73,470811;11,468;0,028;R
73,471459;11,44;0,028;R
73,472119;11,402;0,028;R
73,47279;11,395;0,029;R
73,473439;11,402;0,028;R
73,474098;11,413;0,028;R
73,474758;11,433;0,029;R
73,475418;11,425;0,03;R
73,476078;11,416;0,028;R
73,476737;11,401;0,028;R
73,477397;11,423;0,027;R
73,478057;11,424;0,028;R
73,478728;11,39;0,029;R
73,479388;11,426;0,027;R
73,480059;11,415;0,028;R
73,480719;11,472;0,028;R
73,481378;11,423;0,028;R
73,482038;11,457;0,028;R
73,482709;11,408;0,028;R
73,483358;11,477;0,028;R
73,484029;11,422;0,028;R
73,484689;11,445;0,028;R
73,48536;11,417;0,028;R
73,486008;11,394;0,03;R
73,486668;11,418;0,03;R
73,487339;11,456;0,028;R
73,487987;11,41;0,029;R
73,488635;11,37;0,028;R
73,489295;11,408;0,027;R
73,489955;11,414;0,029;R
73,490615;11,49;0,027;R
73,491286;11,41;0,028;R
73,491946;11,457;0,028;R
73,492617;11,451;0,029;R
73,493265;11,404;0,028;R
73,493936;11,472;0,03;R
73,494584;11,421;0,029;R
73,495256;11,429;0,029;R
73,495915;11,482;0,028;R
73,496587;11,415;0,028;R
73,497246;11,375;0,028;R
73,497918;11,403;0,028;R
73,498566;11,466;0,039;R
73,499226;11,394;0,04;R
73,499897;11,421;0,038;R
73,500568;11,43;0,039;R
73,501228;11,438;0,036;R
73,501899;11,528;0,038;R
73,502547;11,417;0,04;R
73,503207;11,482;0,037;R
73,503878;11,398;0,029;R
73,504538;11,402;0,028;R
73,505198;11,434;0,027;R
74,442015;11,531;0,025;R
74,442686;11,562;0,025;R
74,443334;11,548;0,025;R
74,444006;11,579;0,025;R
74,444665;11,582;0,026;R
74,445325;11,552;0,025;R
74,445996;11,543;0,025;R
74,446645;11,588;0,025;R
74,447316;11,546;0,025;R
74,447976;11,602;0,027;R
74,448624;11,592;0,024;R
74,449295;11,57;0,026;R
74,449966;11,581;0,025;R
74,450626;11,588;0,024;R
74,451286;11,59;0,024;R
74,451934;11,546;0,025;R
74,452605;11,604;0,024;R
74,453265;11,569;0,025;R
74,453913;11,591;0,024;R
74,454584;11,564;0,024;R
74,455256;11,628;0,024;R
74,455915;11,526;0,024;R
74,456575;11,558;0,025;R
74,457246;11,602;0,024;R
74,457906;11,52;0,024;R
74,458554;11,553;0,025;R
74,459226;11,552;0,024;R
74,459885;11,535;0,025;R
74,460545;11,584;0,024;R
74,461205;11,536;0,024;R
74,461865;11,603;0,025;R
74,462536;11,536;0,025;R
74,463196;11,556;0,025;R
74,463867;11,562;0,025;R
74,464527;11,543;0,025;R
74,465186;11,556;0,025;R
74,465858;11,552;0,025;R
74,466506;11,543;0,025;R
74,467165;11,543;0,025;R
74,467825;11,542;0,024;R
74,468496;11,547;0,024;R
74,469145;11,539;0,024;R
74,469816;11,581;0,024;R
74,470476;11,528;0,024;R
74,471135;11,566;0,024;R
74,471795;11,612;0,024;R
74,472455;11,572;0,024;R
74,473126;11,54;0,025;R
74,473786;11,54;0,025;R
74,474446;11,531;0,025;R
74,475105;11,578;0,024;R
74,475777;11,56;0,026;R
74,476436;11,594;0,025;R
74,477096;11,605;0,024;R
74,477756;11,611;0,025;R
74,478415;11,583;0,025;R
74,479075;11,546;0,025;R
74,479735;11,584;0,025;R
74,480406;11,536;0,025;R
74,481066;11,577;0,024;R
74,481726;11,555;0,025;R
74,482385;11,561;0,024;R
74,483045;11,545;0,025;R
74,483705;11,595;0,025;R
74,484365;11,568;0,026;R
74,485024;11,573;0,025;R
74,485696;11,542;0,024;R
74,486355;11,584;0,025;R
74,487015;11,56;0,024;R
74,487686;11,567;0,024;R
74,488358;11,56;0,025;R
74,489006;11,588;0,025;R
74,489677;11,552;0,025;R
74,490348;11,598;0,025;R
74,491008;11,555;0,025;R
74,491679;11,542;0,025;R
74,492351;11,549;0,025;R
74,49301;11,549;0,024;R
74,49367;11,54;0,025;R
74,494341;11,55;0,024;R
74,495001;11,551;0,024;R
74,495661;11,587;0,025;R
74,496332;11,501;0,026;R
74,496992;11,535;0,027;R
74,497652;11,577;0,026;R
74,498323;11,519;0,027;R
74,498994;11,553;0,026;R
74,499642;11,542;0,025;R
74,500314;11,583;0,027;R
74,500985;11,537;0,026;R
74,501633;11,546;0,027;R
74,502304;11,548;0,027;R
75,441344;11,614;0,024;R
75,442084;11,619;0,025;R
75,442848;11,607;0,024;R
75,443601;11,63;0,025;R
75,444365;11,602;0,024;R
75,445117;11,628;0,024;R
75,445858;11,566;0,024;R
75,44661;11,617;0,025;R
75,447351;11,638;0,025;R
75,448103;11,669;0,025;R
75,448844;11,602;0,024;R
75,449596;11,599;0,024;R
75,45036;11,597;0,024;R
75,451112;11,582;0,025;R
75,451865;11,684;0,025;R
75,452617;11,639;0,026;R
75,453369;11,657;0,025;R
75,454121;11,562;0,024;R
75,454874;11,643;0,025;R
75,455603;11,611;0,024;R
75,456355;11,57;0,024;R
75,457108;11,64;0,026;R
75,457848;11,596;0,024;R
75,458601;11,629;0,025;R
75,459353;11,608;0,024;R
75,460105;11,627;0,024;R
75,460869;11,58;0,025;R
75,461633;11,65;0,024;R
75,462385;11,654;0,025;R
75,463138;11,643;0,027;R
75,46389;11,639;0,027;R
75,464642;11,653;0,027;R
75,465395;11,596;0,028;R
75,466147;11,624;0,027;R
75,466911;11,63;0,026;R
75,467663;11,648;0,026;R
75,468404;11,57;0,079;R
75,469156;11,623;0,086;R
75,469909;11,659;0,077;R
75,470649;11,642;0,053;R
75,47139;11,551;0,07;R
75,472119;11,638;0,069;R
75,472871;11,692;0,07;R
75,473624;11,641;0,062;R
75,474388;11,689;0,084;R
75,475152;11,614;0,071;R
75,475892;11,592;0,065;R
75,476645;11,612;0,037;R
75,477409;11,598;0,024;R
75,478172;11,644;0,025;R
75,478925;11,665;0,024;R
75,479665;11,628;0,025;R
75,480406;11,638;0,025;R
75,481159;11,64;0,026;R
75,481911;11,684;0,027;R
75,482652;11,647;0,026;R
75,483415;11,625;0,028;R
75,484168;11,653;0,027;R
75,48492;11,611;0,027;R
75,485672;11,642;0,026;R
75,486413;11,624;0,035;R
75,487165;11,641;0,041;R
75,487918;11,604;0,038;R
75,48867;11,623;0,034;R
75,489411;11,638;0,036;R
75,490152;11,631;0,037;R
75,490904;11,642;0,039;R
75,491668;11,628;0,039;R
75,492432;11,665;0,04;R
75,493196;11,624;0,025;R
75,493948;11,672;0,025;R
75,4947;11,605;0,025;R
75,495453;11,623;0,024;R
75,496205;11,65;0,024;R
75,496957;11,625;0,024;R
75,497709;11,593;0,023;R
75,498473;11,653;0,025;R
75,499226;11,64;0,025;R
76,437131;11,553;0,023;R
76,43779;11,535;0,024;R
76,43845;11,572;0,023;R
76,43911;11,571;0,023;R
76,439758;11,556;0,023;R
76,440429;11,568;0,023;R
76,441101;11,568;0,024;R
76,44176;11,533;0,023;R
76,44242;11,59;0,023;R
76,443068;11,525;0,024;R
76,443716;11,55;0,023;R
76,444388;11,578;0,022;R
76,445047;11,58;0,024;R
76,445707;11,532;0,024;R
76,446378;11,531;0,024;R
76,447038;11,586;0,023;R
76,447709;11,567;0,023;R
76,448358;11,53;0,024;R
76,449017;11,573;0,023;R
76,449677;11,502;0,023;R
76,450337;11,532;0,024;R
76,450996;11,564;0,022;R
76,451656;11,597;0,023;R
76,452316;11,54;0,023;R
76,452987;11,526;0,023;R
76,453647;11,57;0,023;R
76,454307;11,554;0,023;R
76,454966;11,528;0,024;R
76,455626;11,535;0,024;R
76,456286;11,552;0,027;R
76,456946;11,564;0,027;R
76,457617;11,572;0,027;R
76,458277;11,55;0,027;R
76,458948;11,49;0,026;R
76,459608;11,568;0,038;R
76,460279;11,541;0,034;R
76,460939;11,548;0,039;R
76,461598;11,521;0,04;R
76,462258;11,5;0,036;R
76,462918;11,575;0,036;R
76,463578;11,526;0,036;R
76,464237;11,603;0,035;R
76,464897;11,592;0,033;R
76,465557;11,555;0,031;R
76,466216;11,531;0,038;R
76,466876;11,59;0,04;R
76,467536;11,551;0,044;R
76,468196;11,544;0,042;R
76,468855;11,596;0,032;R
76,469515;11,569;0,039;R
76,470175;11,532;0,031;R
76,470846;11,589;0,044;R
76,471506;11,508;0,024;R
76,472177;11,53;0,025;R
76,472837;11,555;0,024;R
76,473508;11,555;0,024;R
76,474156;11,516;0,024;R
76,474816;11,601;0,024;R
76,475476;11,536;0,023;R
76,476135;11,545;0,023;R
76,476807;11,55;0,023;R
76,477466;11,584;0,026;R
76,478138;11,582;0,026;R
76,478797;11,544;0,025;R
76,479457;11,559;0,025;R
76,480117;11,574;0,026;R
76,480788;11,553;0,025;R
76,481448;11,531;0,027;R
76,482119;11,528;0,026;R
76,482779;11,533;0,041;R
76,48345;11,565;0,044;R
76,484121;11,528;0,041;R
76,484781;11,556;0,026;R
76,485453;11,541;0,025;R
76,486112;11,525;0,025;R
76,486784;11,52;0,035;R
76,487455;11,566;0,038;R
76,488103;11,531;0,026;R
76,488774;11,505;0,025;R
76,489446;11,553;0,026;R
76,490094;11,531;0,023;R
76,490765;11,547;0,025;R
76,491413;11,533;0,024;R
76,492084;11,51;0,023;R
76,492756;11,534;0,024;R
76,493415;11,572;0,025;R
76,494075;11,497;0,024;R
76,494746;11,539;0,024;R
76,495406;11,567;0,026;R
76,496078;11,517;0,024;R
76,496737;11,49;0,023;R
77,434318;10,877;0,019;R
77,434978;10,884;0,019;R
77,435638;10,887;0,019;R
77,436297;10,913;0,019;R
77,436957;10,843;0,019;R
77,437617;10,877;0,02;R
77,438265;10,907;0,019;R
77,438913;10,875;0,019;R
77,439584;10,855;0,019;R
77,440244;10,83;0,019;R
77,440904;10,875;0,019;R
77,441564;10,878;0,019;R
77,442223;10,887;0,019;R
77,442871;10,868;0,019;R
77,443531;10,822;0,02;R
77,444191;10,873;0,019;R
77,444851;10,834;0,02;R
77,445522;10,88;0,019;R
77,446182;10,834;0,019;R
77,446841;10,851;0,02;R
77,447501;10,875;0,019;R
77,448172;10,882;0,019;R
77,448821;10,855;0,019;R
77,44948;10,941;0,018;R
77,45014;10,9;0,019;R
77,4508;10,857;0,019;R
77,451459;10,861;0,019;R
77,452119;10,903;0,02;R
77,452779;10,887;0,019;R
77,453439;10,853;0,02;R
77,454098;10,874;0,019;R
77,454758;10,896;0,019;R
77,455418;10,861;0,02;R
77,456078;10,885;0,02;R
77,456737;10,878;0,02;R
77,457409;10,888;0,024;R
77,458068;10,828;0,028;R
77,458716;10,874;0,026;R
77,459388;10,88;0,023;R
77,460036;10,881;0,025;R
77,460696;10,901;0,025;R
77,461355;10,899;0,02;R
77,462015;10,863;0,023;R
77,462675;10,846;0,023;R
77,463334;10,857;0,025;R
77,464006;10,883;0,025;R
77,464665;10,845;0,022;R
77,465325;10,868;0,025;R
77,465985;10,837;0,023;R
77,466645;10,919;0,02;R
77,467316;10,899;0,02;R
77,467976;10,878;0,019;R
77,468635;10,899;0,02;R
77,469295;10,901;0,018;R
77,469955;10,895;0,019;R
77,470626;10,867;0,02;R
77,471286;10,831;0,021;R
77,471957;10,877;0,019;R
77,472605;10,873;0,02;R
77,473277;10,86;0,023;R
77,473925;10,887;0,02;R
77,474584;10,908;0,019;R
77,475256;10,876;0,019;R
77,475904;10,885;0,019;R
77,476575;10,888;0,02;R
77,477223;10,914;0,019;R
77,477895;10,888;0,02;R
77,478554;10,85;0,02;R
77,479214;10,878;0,019;R
77,479885;10,862;0,019;R
77,480534;10,904;0,02;R
77,481205;10,854;0,02;R
77,481853;10,856;0,02;R
77,482524;10,866;0,02;R
77,483172;10,887;0,019;R
77,483844;10,844;0,02;R
77,484515;10,888;0,02;R
77,485175;10,869;0,019;R
77,485846;10,863;0,02;R
77,486494;10,886;0,02;R
77,487165;10,882;0,019;R
77,487825;10,893;0,019;R
77,488496;10,877;0,019;R
77,489168;10,869;0,02;R
77,489816;10,873;0,02;R
77,490487;10,922;0,02;R
77,491159;10,868;0,02;R
77,49183;10,852;0,02;R
77,49249;10,894;0,019;R
77,493161;10,893;0,02;R
77,493832;10,821;0,02;R
78,431587;10,792;0,02;R
78,432246;10,819;0,02;R
78,432906;10,824;0,021;R
78,433566;10,799;0,019;R
78,434237;10,833;0,019;R
78,434897;10,815;0,019;R
78,435557;10,829;0,02;R
78,436216;10,808;0,02;R
78,436876;10,852;0,02;R
78,437559;10,827;0,019;R
78,438219;10,812;0,02;R
78,438867;10,835;0,02;R
78,439527;10,847;0,019;R
78,440198;10,834;0,019;R
78,440858;10,817;0,019;R
78,441529;10,847;0,02;R
78,442177;10,827;0,02;R
78,442837;10,873;0,019;R
78,443496;10,845;0,019;R
78,444156;10,842;0,019;R
78,444816;10,842;0,02;R
78,445487;10,855;0,02;R
78,446135;10,804;0,02;R
78,446795;10,869;0,021;R
78,447466;10,867;0,02;R
78,448115;10,846;0,02;R
78,448774;10,838;0,021;R
78,449446;10,904;0,019;R
78,450094;10,859;0,02;R
78,450753;10,801;0,02;R
78,451425;10,848;0,019;R
78,452073;10,87;0,02;R
78,452733;10,839;0,019;R
78,453404;10,87;0,02;R
78,454064;10,874;0,021;R
78,454723;10,856;0,022;R
78,455383;10,862;0,021;R
78,456043;10,844;0,021;R
78,456703;10,868;0,021;R
78,457362;10,859;0,021;R
78,458034;10,859;0,026;R
78,458693;10,828;0,026;R
78,459365;10,876;0,026;R
78,460024;10,836;0,025;R
78,460696;10,817;0,024;R
78,461344;10,842;0,026;R
78,462015;10,894;0,019;R
78,462663;10,85;0,019;R
78,463323;10,858;0,02;R
78,463994;10,816;0,02;R
78,464642;10,847;0,026;R
78,465302;10,857;0,024;R
78,465962;10,794;0,02;R
78,466621;10,875;0,02;R
78,467293;10,868;0,019;R
78,467953;10,824;0,02;R
78,468624;10,878;0,02;R
78,469272;10,875;0,02;R
78,469932;10,865;0,02;R
78,470591;10,836;0,021;R
78,471251;10,876;0,021;R
78,471911;10,861;0,021;R
78,472582;10,865;0,02;R
78,47323;10,854;0,025;R
78,473902;10,869;0,027;R
78,474561;10,828;0,021;R
78,475221;10,83;0,019;R
78,475892;10,837;0,02;R
78,476552;10,876;0,02;R
78,477223;10,84;0,021;R
78,477871;10,884;0,019;R
78,478543;10,863;0,042;R
78,479191;10,874;0,019;R
78,479862;10,841;0,018;R
78,48051;10,823;0,019;R
78,481182;10,873;0,02;R
78,481841;10,854;0,02;R
78,482513;10,883;0,019;R
78,483184;10,817;0,019;R
78,483844;10,824;0,02;R
78,484515;10,845;0,019;R
78,485186;10,834;0,02;R
78,485834;10,853;0,02;R
78,486506;10,834;0,02;R
78,487177;10,787;0,02;R
78,487825;10,89;0,02;R
78,488496;10,856;0,02;R
78,489156;10,814;0,02;R
78,489816;10,861;0,019;R
78,490487;10,852;0,019;R
78,491159;10,843;0,02;R
79,428844;10,992;0,017;R
79,429492;10,948;0,018;R
79,430152;10,919;0,018;R
79,4308;10,983;0,019;R
79,431448;10,999;0,017;R
79,432096;10,964;0,017;R
79,432767;10,968;0,018;R
79,433427;10,977;0,017;R
79,434087;10,992;0,018;R
79,434746;10,969;0,019;R
79,435395;10,96;0,019;R
79,436066;10,995;0,018;R
79,436726;11,003;0,018;R
79,437385;10,957;0,018;R
79,438045;10,972;0,018;R
79,438693;11,02;0,019;R
79,439353;10,988;0,018;R
79,440013;10,982;0,019;R
79,440672;10,992;0,018;R
79,441332;10,971;0,018;R
79,442003;10,996;0,018;R
79,442663;10,978;0,018;R
79,443323;10,97;0,018;R
79,443983;10,946;0,018;R
79,444631;10,939;0,019;R
79,44529;10,982;0,019;R
79,44595;11,007;0,019;R
79,44661;11,012;0,018;R
79,447281;10,955;0,018;R
79,447941;10,967;0,017;R
79,448601;10,955;0,019;R
79,449249;10,993;0,018;R
79,449909;10,961;0,018;R
79,45058;10,952;0,018;R
79,451228;10,925;0,018;R
79,451888;11,006;0,018;R
79,452547;10,987;0,018;R
79,453207;10,938;0,018;R
79,453867;11,004;0,019;R
79,454527;10,961;0,018;R
79,455186;10,93;0,019;R
79,455846;10,944;0,018;R
79,456506;10,926;0,018;R
79,457165;10,922;0,018;R
79,457825;10,945;0,018;R
79,458485;10,922;0,018;R
79,459168;10,951;0,018;R
79,459828;10,943;0,018;R
79,460487;10,928;0,018;R
79,461147;10,931;0,018;R
79,461807;10,956;0,017;R
79,462501;10,939;0,017;R
79,463149;10,958;0,017;R
79,463809;10,934;0,018;R
79,46448;10,946;0,017;R
79,46514;10,913;0,018;R
79,4658;10,926;0,018;R
79,466459;10,962;0,018;R
79,467131;10,922;0,018;R
79,46779;10,931;0,018;R
79,468462;10,928;0,018;R
79,469121;10,971;0,019;R
79,469793;10,987;0,018;R
79,470453;10,958;0,019;R
79,471124;10,968;0,019;R
79,471784;10,991;0,017;R
79,472455;10,962;0,019;R
79,473103;10,936;0,018;R
79,473774;10,959;0,019;R
79,474434;10,976;0,018;R
79,475094;10,951;0,019;R
79,475753;10,979;0,018;R
79,476425;10,974;0,019;R
79,477084;10,954;0,018;R
79,477756;10,962;0,018;R
79,478415;10,979;0,018;R
79,479087;10,981;0,018;R
79,479746;10,969;0,018;R
79,480406;11,001;0,018;R
79,481078;10,99;0,018;R
79,481726;10,998;0,018;R
79,482397;11,032;0,017;R
79,483045;10,966;0,018;R
79,483716;10,995;0,018;R
79,484365;11,018;0,018;R
79,485036;10,973;0,018;R
79,485684;10,998;0,018;R
79,486355;10,954;0,019;R
79,487027;10,99;0,018;R
79,487686;11,055;0,018;R
79,488358;10,99;0,018;R
80,36884;11,041;0,056;R
80,426714;11,031;0,02;R
80,427374;11,09;0,02;R
80,428045;11,015;0,02;R
80,428693;11,034;0,019;R
80,429341;11,063;0,018;R
80,430013;11,033;0,019;R
80,430661;11,037;0,019;R
80,431309;11,054;0,019;R
80,431969;11,052;0,02;R
80,43264;11,063;0,022;R
80,433288;11,06;0,019;R
80,433948;11,064;0,018;R
80,434619;11,031;0,019;R
80,435267;11,057;0,018;R
80,435915;11,064;0,018;R
80,436587;11,073;0,019;R
80,437246;11,058;0,018;R
80,437895;11,046;0,018;R
80,438566;11,052;0,018;R
80,439226;11,067;0,019;R
80,439885;11,047;0,019;R
80,440545;11,04;0,018;R
80,441216;11,067;0,018;R
80,441876;11,056;0,018;R
80,442536;11,047;0,019;R
80,443184;11,017;0,018;R
80,443832;11,027;0,019;R
80,444503;11,062;0,018;R
80,445152;11,095;0,018;R
80,445811;11,063;0,018;R
80,446494;11,038;0,018;R
80,447165;11,068;0,017;R
80,447825;11,066;0,017;R
80,448485;11,066;0,018;R
80,449145;11,001;0,018;R
80,449793;11,058;0,018;R
80,450464;11,04;0,018;R
80,451124;11,001;0,018;R
80,451772;11,049;0,018;R
80,452443;11,033;0,02;R
80,453103;11,076;0,02;R
80,453774;11,039;0,018;R
80,454434;11,047;0,018;R
80,455105;11,03;0,019;R
80,455765;11,045;0,018;R
80,456436;11,016;0,018;R
80,457096;11,032;0,019;R
80,457756;11,018;0,018;R
80,458427;11,037;0,018;R
80,459075;11,036;0,018;R
80,459746;11,004;0,018;R
80,460406;11,093;0,019;R
80,461078;11,016;0,019;R
80,461749;11,03;0,018;R
80,462409;11,033;0,019;R
80,46308;11,024;0,018;R
80,46374;11,076;0,018;R
80,464411;11,089;0,018;R
80,465071;11,014;0,019;R
80,465719;11,067;0,018;R
80,46639;11,065;0,018;R
80,467038;11,022;0,018;R
80,467709;11,046;0,018;R
80,468358;11,053;0,018;R
80,469029;11,042;0,018;R
80,469677;11,048;0,018;R
80,470348;11,044;0,018;R
80,471008;11,033;0,018;R
80,471668;11,051;0,019;R
80,472328;11,065;0,018;R
80,472987;11,034;0,018;R
80,473647;11,026;0,02;R
80,474318;11,046;0,019;R
80,474978;11,045;0,02;R
80,475638;11,05;0,017;R
80,476309;11,043;0,019;R
80,476969;11,085;0,019;R
80,47764;11,057;0,019;R
80,4783;11,054;0,018;R
80,478971;11,054;0,018;R
80,479631;11,053;0,039;R
80,480302;11,044;0,033;R
80,480962;11,095;0,035;R
80,481621;11,045;0,038;R
80,482281;11,051;0,036;R
80,482953;11,068;0,038;R
80,483612;11,046;0,038;R
80,484284;11,067;0,041;R
80,484943;11,082;0,038;R
80,485603;11,031;0,041;R
81,42389;11,096;0,02;R
81,42455;11,138;0,019;R
81,425209;11,165;0,02;R
81,425869;11,176;0,021;R
81,426529;11,136;0,019;R
81,427189;11,149;0,019;R
81,427837;11,14;0,021;R
81,428508;11,158;0,019;R
81,429168;11,116;0,019;R
81,429828;11,111;0,02;R
81,430476;11,121;0,019;R
81,431135;11,101;0,02;R
81,431795;11,111;0,02;R
81,432455;11,165;0,019;R
81,433115;11,131;0,019;R
81,433763;11,101;0,02;R
81,434411;11,14;0,019;R
81,435082;11,125;0,019;R
81,435742;11,133;0,019;R
81,43639;11,13;0,019;R
81,437038;11,097;0,02;R
81,437709;11,146;0,019;R
81,438369;11,142;0,02;R
81,439029;11,114;0,019;R
81,439689;11,102;0,019;R
81,440348;11,165;0,018;R
81,441008;11,121;0,019;R
81,441668;11,11;0,018;R
81,442328;11,118;0,018;R
81,442987;11,167;0,018;R
81,443635;11,128;0,018;R
81,444307;11,096;0,019;R
81,444966;11,13;0,018;R
81,445626;11,176;0,019;R
81,446286;11,133;0,019;R
81,446946;11,147;0,019;R
81,447594;11,102;0,019;R
81,448253;11,158;0,019;R
81,448936;11,099;0,019;R
81,449596;11,159;0,019;R
81,450256;11,11;0,019;R
81,450915;11,117;0,019;R
81,451575;11,142;0,018;R
81,452235;11,131;0,019;R
81,452895;11,11;0,019;R
81,453554;11,164;0,019;R
81,454203;11,122;0,018;R
81,454851;11,136;0,018;R
81,45551;11,133;0,019;R
81,45617;11,15;0,019;R
81,456818;11,136;0,019;R
81,457478;11,123;0,019;R
81,458138;11,105;0,02;R
81,458797;11,12;0,02;R
81,459457;11,134;0,02;R
81,460117;11,13;0,02;R
81,460777;11,162;0,019;R
81,461436;11,138;0,019;R
81,462096;11,136;0,02;R
81,462756;11,175;0,019;R
81,463415;11,12;0,019;R
81,464087;11,173;0,02;R
81,464746;11,172;0,019;R
81,465418;11,137;0,019;R
81,466066;11,121;0,02;R
81,466726;11,155;0,019;R
81,467397;11,163;0,019;R
81,468045;11,136;0,019;R
81,468705;11,144;0,02;R
81,469376;11,137;0,018;R
81,470036;11,177;0,034;R
81,470707;11,114;0,037;R
81,471367;11,113;0,035;R
81,472027;11,098;0,034;R
81,472698;11,127;0,029;R
81,473369;11,135;0,03;R
81,474029;11,145;0,029;R
81,474689;11,103;0,033;R
81,475348;11,119;0,019;R
81,476008;11,132;0,019;R
81,476668;11,121;0,019;R
81,477316;11,119;0,019;R
81,477976;11,158;0,018;R
81,478647;11,135;0,033;R
81,479295;11,148;0,029;R
81,479966;11,168;0,027;R
81,480626;11,116;0,03;R
81,481297;11,164;0,019;R
81,481957;11,116;0,019;R
81,482628;11,124;0,019;R
81,483288;11,093;0,019;R
82,420811;11,273;0,028;R
82,421483;11,314;0,031;R
82,422142;11,281;0,03;R
82,42279;11,437;0,027;R
82,423462;11,274;0,03;R
82,42411;11,381;0,029;R
82,424781;11,313;0,029;R
82,425441;11,374;0,027;R
82,426112;11,331;0,026;R
82,42676;11,349;0,026;R
82,427432;11,228;0,025;R
82,428091;11,333;0,028;R
82,428751;11,325;0,029;R
82,429411;11,263;0,032;R
82,430071;11,373;0,033;R
82,430719;11,269;0,03;R
82,43139;11,331;0,031;R
82,43205;11,355;0,034;R
82,432709;11,22;0,037;R
82,433381;11,313;0,036;R
82,43404;11,455;0,034;R
82,434712;11,34;0,033;R
82,436043;11,329;0,029;R
82,437362;11,293;0,029;R
82,438022;11,398;0,03;R
82,438682;11,293;0,032;R
82,439353;11,358;0,034;R
82,440013;11,229;0,029;R
82,440672;11,329;0,033;R
82,443346;11,284;0,047;R
82,445985;11,229;0,045;R
82,448635;11,364;0,035;R
82,449966;11,351;0,03;R
82,450638;11,283;0,036;R
82,451297;11,32;0,03;R
82,451957;11,287;0,028;R
82,4533;11,365;0,029;R
82,454619;11,25;0,035;R
82,45595;11,292;0,029;R
82,45661;11,256;0,03;R
82,45727;11,335;0,031;R
82,457941;11,323;0,028;R
82,458601;11,408;0,031;R
82,459272;11,356;0,029;R
82,459932;11,251;0,031;R
82,460603;11,329;0,03;R
82,461274;11,355;0,029;R
82,461934;11,289;0,03;R
82,462594;11,378;0,035;R
82,463936;11,286;0,029;R
82,464608;11,369;0,029;R
82,465256;11,411;0,029;R
82,465927;11,315;0,033;R
82,466598;11,332;0,029;R
82,46727;11,365;0,029;R
82,467918;11,285;0,032;R
82,468589;11,311;0,03;R
82,469249;11,333;0,031;R
82,46992;11,363;0,033;R
82,47058;11,343;0,031;R
82,471251;11,401;0,03;R
82,471922;11,337;0,031;R
82,472582;11,373;0,029;R
82,473253;11,379;0,029;R
82,473913;11,384;0,03;R
82,474584;11,368;0,03;R
82,475244;11,29;0,03;R
82,475904;11,294;0,029;R
82,476575;11,409;0,031;R
82,477246;11,381;0,029;R
82,477918;11,272;0,026;R
82,478589;11,297;0,029;R
82,479237;11,366;0,029;R
82,479909;11,385;0,057;R
83,417999;11,433;0,02;R
83,418659;11,423;0,02;R
83,419318;11,444;0,02;R
83,419978;11,432;0,02;R
83,420638;11,417;0,02;R
83,421286;11,433;0,02;R
83,421934;11,437;0,02;R
83,422582;11,49;0,02;R
83,423253;11,47;0,021;R
83,423913;11,406;0,021;R
83,424573;11,42;0,02;R
83,425233;11,435;0,019;R
83,425881;11,415;0,02;R
83,426529;11,425;0,02;R
83,4272;11,433;0,021;R
83,42786;11,411;0,02;R
83,428531;11,409;0,02;R
83,429191;11,441;0,021;R
83,429862;11,423;0,02;R
83,430522;11,424;0,021;R
83,431182;11,436;0,021;R
83,431841;11,358;0,02;R
83,432501;11,409;0,02;R
83,433161;11,456;0,021;R
83,433821;11,388;0,021;R
83,434492;11,451;0,021;R
83,435152;11,433;0,02;R
83,4358;11,469;0,021;R
83,436471;11,421;0,02;R
83,437131;11,494;0,02;R
83,43779;11,416;0,02;R
83,43845;11,457;0,021;R
83,43911;11,45;0,02;R
83,43977;11,434;0,02;R
83,440429;11,411;0,021;R
83,441089;11,428;0,02;R
83,441749;11,401;0,02;R
83,442397;11,398;0,02;R
83,443068;11,41;0,02;R
83,44374;11,435;0,02;R
83,444388;11,445;0,021;R
83,445059;11,445;0,021;R
83,445707;11,44;0,02;R
83,446367;11,443;0,02;R
83,447027;11,425;0,02;R
83,447686;11,405;0,02;R
83,448346;11,481;0,02;R
83,449017;11,445;0,02;R
83,449677;11,421;0,02;R
83,450348;11,458;0,02;R
83,45102;11,421;0,021;R
83,451679;11,408;0,02;R
83,452339;11,46;0,02;R
83,452999;11,451;0,02;R
83,453659;11,44;0,02;R
83,45433;11,442;0,02;R
83,454978;11,369;0,02;R
83,455649;11,393;0,02;R
83,456297;11,437;0,021;R
83,456957;11,461;0,02;R
83,457628;11,44;0,021;R
83,4583;11,456;0,02;R
83,458959;11,468;0,021;R
83,459619;11,397;0,02;R
83,460279;11,43;0,02;R
83,46095;11,399;0,02;R
83,46161;11,441;0,02;R
83,46227;11,399;0,02;R
83,462941;11,42;0,02;R
83,463601;11,434;0,02;R
83,464272;11,416;0,021;R
83,464932;11,472;0,02;R
83,465603;11,412;0,021;R
83,466263;11,411;0,021;R
83,466934;11,422;0,022;R
83,467605;11,392;0,022;R
83,468288;11,426;0,022;R
83,468959;11,434;0,022;R
83,469642;11,435;0,023;R
83,470325;11,388;0,02;R
83,470985;11,445;0,02;R
83,471656;11,432;0,021;R
83,472339;11,398;0,022;R
83,47301;11,474;0,022;R
83,473682;11,445;0,023;R
83,474353;11,449;0,022;R
83,475024;11,429;0,021;R
83,475684;11,44;0,022;R
83,476344;11,432;0,021;R
83,477015;11,402;0,022;R
83,477686;11,435;0,021;R
84,415186;11,574;0,022;R
84,415846;11,562;0,022;R
84,416506;11,588;0,022;R
84,417154;11,624;0,022;R
84,417825;11,577;0,022;R
84,418496;11,613;0,022;R
84,419156;11,618;0,021;R
84,419828;11,584;0,022;R
84,420499;11,633;0,021;R
84,421159;11,567;0,022;R
84,421818;11,579;0,021;R
84,422478;11,594;0,021;R
84,423149;11,606;0,022;R
84,423809;11,579;0,022;R
84,424469;11,606;0,022;R
84,425128;11,541;0,021;R
84,4258;11,526;0,022;R
84,426471;11,591;0,021;R
84,427142;11,554;0,021;R
84,42779;11,579;0,021;R
84,428462;11,582;0,021;R
84,429133;11,579;0,022;R
84,429781;11,592;0,021;R
84,430429;11,584;0,022;R
84,431101;11,611;0,022;R
84,431772;11,617;0,021;R
84,432443;11,535;0,021;R
84,433103;11,569;0,021;R
84,433774;11,591;0,021;R
84,434434;11,611;0,021;R
84,435105;11,594;0,021;R
84,435765;11,618;0,021;R
84,436425;11,604;0,021;R
84,437096;11,636;0,022;R
84,437756;11,542;0,021;R
84,438427;11,572;0,021;R
84,439098;11,568;0,021;R
84,43977;11,595;0,021;R
84,440429;11,599;0,021;R
84,441089;11,545;0,022;R
84,441749;11,652;0,021;R
84,44242;11,617;0,02;R
84,443091;11,575;0,022;R
84,443751;11,615;0,022;R
84,444411;11,625;0,022;R
84,445071;11,56;0,022;R
84,445742;11,578;0,021;R
84,446413;11,597;0,022;R
84,447073;11,583;0,022;R
84,447733;11,568;0,022;R
84,448392;11,573;0,023;R
84,449052;11,605;0,023;R
84,449723;11,565;0,023;R
84,450395;11,625;0,024;R
84,451066;11,582;0,023;R
84,451737;11,584;0,023;R
84,452409;11,593;0,023;R
84,453057;11,598;0,023;R
84,453716;11,629;0,024;R
84,454388;11,605;0,021;R
84,455059;11,576;0,023;R
84,455719;11,625;0,024;R
84,45639;11,618;0,03;R
84,457061;11,569;0,028;R
84,457733;11,576;0,027;R
84,458392;11,592;0,024;R
84,459064;11,58;0,026;R
84,459735;11,606;0,025;R
84,460395;11,584;0,024;R
84,461078;11,584;0,025;R
84,461737;11,57;0,025;R
84,462397;11,597;0,028;R
84,463057;11,564;0,025;R
84,463705;11,563;0,025;R
84,464376;11,584;0,042;R
84,465047;11,585;0,043;R
84,465719;11,595;0,044;R
84,46639;11,626;0,044;R
84,467061;11,622;0,053;R
84,467733;11,597;0,052;R
84,468404;11,633;0,027;R
84,469075;11,586;0,027;R
84,469746;11,644;0,035;R
84,470418;11,633;0,03;R
84,471089;11,632;0,028;R
84,47176;11,583;0,029;R
84,47242;11,62;0,028;R
84,473068;11,584;0,025;R
84,473728;11,592;0,026;R
84,474399;11,517;0,028;R
84,84164;11,585;0,002;R
84,88364;10,947;0,003;R
84,91897;11,555;0,002;R
84,96446;11,551;0,002;R
85,412547;11,642;0,022;R
85,413207;11,622;0,022;R
85,413878;11,606;0,021;R
85,414527;11,583;0,021;R
85,415186;11,607;0,022;R
85,415846;11,606;0,022;R
85,416517;11,605;0,021;R
85,417165;11,601;0,021;R
85,417837;11,62;0,021;R
85,418496;11,59;0,022;R
85,419145;11,632;0,022;R
85,419804;11,596;0,022;R
85,420476;11,581;0,022;R
85,421124;11,615;0,021;R
85,421784;11,635;0,022;R
85,422443;11,6;0,022;R
85,423091;11,638;0,022;R
85,423751;11,644;0,021;R
85,424422;11,627;0,022;R
85,425082;11,664;0,021;R
85,425753;11,58;0,023;R
85,426402;11,645;0,023;R
85,427061;11,572;0,022;R
85,427733;11,639;0,023;R
85,428392;11,662;0,023;R
85,429064;11,598;0,022;R
85,429723;11,594;0,022;R
85,430395;11,562;0,023;R
85,431043;11,605;0,023;R
85,431714;11,596;0,023;R
85,432362;11,632;0,023;R
85,433034;11,654;0,023;R
85,433682;11,614;0,023;R
85,434341;11,588;0,023;R
85,435013;11,622;0,022;R
85,435672;11,588;0,023;R
85,436344;11,608;0,023;R
85,437003;11,591;0,022;R
85,437675;11,636;0,022;R
85,438323;11,594;0,022;R
85,438994;11,637;0,022;R
85,439642;11,611;0,022;R
85,440314;11,591;0,023;R
85,440962;11,63;0,023;R
85,441633;11,609;0,022;R
85,442304;11,594;0,022;R
85,442964;11,68;0,023;R
85,443635;11,615;0,022;R
85,444284;11,632;0,022;R
85,444955;11,571;0,022;R
85,445615;11,635;0,021;R
85,446286;11,614;0,022;R
85,446934;11,65;0,022;R
85,447605;11,564;0,023;R
85,448265;11,603;0,021;R
85,448936;11,58;0,022;R
85,449584;11,607;0,022;R
85,450256;11,634;0,022;R
85,450904;11,619;0,022;R
85,451575;11,622;0,022;R
85,452246;11,623;0,022;R
85,452895;11,619;0,023;R
85,453566;11,612;0,022;R
85,454237;11,59;0,024;R
85,454885;11,568;0,022;R
85,455557;11,605;0,022;R
85,456205;11,581;0,022;R
85,456876;11,61;0,023;R
85,457524;11,626;0,023;R
85,458196;11,62;0,023;R
85,458844;11,563;0,024;R
85,459515;11,584;0,024;R
85,460175;11,541;0,022;R
85,460834;11,647;0,022;R
85,461494;11,607;0,022;R
85,462165;11,568;0,022;R
85,462825;11,562;0,022;R
85,463496;11,539;0,022;R
85,464156;11,584;0,022;R
85,464816;11,626;0,022;R
85,465487;11,604;0,021;R
85,466147;11,526;0,023;R
85,466807;11,611;0,022;R
85,467478;11,616;0,023;R
85,468138;11,583;0,022;R
85,468797;11,556;0,021;R
85,469469;11,627;0,023;R
85,47014;11,594;0,023;R
85,470788;11,604;0,022;R
85,471459;11,6;0,022;R
85,472119;11,553;0,022;R
85,82719;11,435;0,002;R
85,88439;11,404;0,002;R
85,88626;10,775;0,004;R
85,93078;11,398;0,002;R
85,98306;11,426;0,002;R
86,03109;11,407;0,002;R
86,07777;11,412;0,003;R
86,409677;11,54;0,021;R
86,410348;11,531;0,022;R
86,410996;11,537;0,021;R
86,411668;11,491;0,021;R
86,412328;11,515;0,022;R
86,412976;11,564;0,021;R
86,413635;11,535;0,022;R
86,414295;11,515;0,022;R
86,414943;11,484;0,022;R
86,415591;11,512;0,022;R
86,416251;11,506;0,021;R
86,416922;11,497;0,022;R
86,417571;11,577;0,021;R
86,41823;11,476;0,021;R
86,41889;11,506;0,023;R
86,41955;11,548;0,025;R
86,420209;11,507;0,028;R
86,420881;11,526;0,029;R
86,421552;11,519;0,026;R
86,422212;11,563;0,026;R
86,42286;11,496;0,024;R
86,423531;11,531;0,035;R
86,424179;11,574;0,035;R
86,424851;11,536;0,029;R
86,42551;11,569;0,058;R
86,42617;11,508;0,026;R
86,42683;11,554;0,03;R
86,42749;11,519;0,023;R
86,428161;11,519;0,021;R
86,428821;11,536;0,022;R
86,429492;11,532;0,022;R
86,43014;11,513;0,022;R
86,4308;11,545;0,021;R
86,431471;11,494;0,021;R
86,432119;11,576;0,021;R
86,43279;11,56;0,022;R
86,433439;11,505;0,022;R
86,43411;11,509;0,021;R
86,434758;11,491;0,021;R
86,435429;11,468;0,021;R
86,436089;11,512;0,022;R
86,43676;11,52;0,021;R
86,43742;11,492;0,021;R
86,438068;11,495;0,022;R
86,43874;11,505;0,022;R
86,439399;11,485;0,021;R
86,440071;11,511;0,024;R
86,440719;11,53;0,026;R
86,44139;11,513;0,023;R
86,44205;11,545;0,025;R
86,442698;11,531;0,021;R
86,443369;11,489;0,022;R
86,444017;11,512;0,021;R
86,444689;11,531;0,022;R
86,445337;11,553;0,02;R
86,446008;11,516;0,021;R
86,446679;11,557;0,022;R
86,447328;11,548;0,023;R
86,447999;11,551;0,021;R
86,448659;11,495;0,021;R
86,449318;11,505;0,021;R
86,449966;11,482;0,022;R
86,450638;11,613;0,022;R
86,451286;11,485;0,021;R
86,451957;11,507;0,023;R
86,452628;11,489;0,022;R
86,453288;11,492;0,024;R
86,453959;11,526;0,023;R
86,454608;11,529;0,022;R
86,45529;11,557;0,024;R
86,455962;11,517;0,022;R
86,45661;11,517;0,022;R
86,457281;11,508;0,023;R
86,457953;11,552;0,022;R
86,458624;11,597;0,022;R
86,459284;11,546;0,023;R
86,459943;11,5;0,023;R
86,460603;11,513;0,024;R
86,461274;11,55;0,024;R
86,461946;11,473;0,023;R
86,462605;11,524;0,022;R
86,463253;11,483;0,022;R
86,463936;11,498;0,023;R
86,464608;11,504;0,022;R
86,465267;11,517;0,021;R
86,465927;11,581;0,022;R
86,466598;11,512;0,022;R
86,467246;11,544;0,022;R
86,467918;11,538;0,026;R
86,468589;11,47;0,051;R
86,46926;11,53;0,042;R
86,82123;11,51;0,003;R
86,82446;10,995;0,003;R
86,87358;11,654;0,007;R
86,8739;11,632;0,007;R
86,87421;11,627;0,007;R
86,87453;11,623;0,007;R
86,87485;11,655;0,007;R
86,87516;11,63;0,007;R
86,87548;11,633;0,007;R
86,87579;11,629;0,007;R
86,87611;11,631;0,007;R
86,87642;11,635;0,007;R
87,406911;11,617;0,023;R
87,407571;11,658;0,023;R
87,408242;11,631;0,023;R
87,40889;11,614;0,023;R
87,40955;11,663;0,023;R
87,410209;11,637;0,022;R
87,410869;11,636;0,022;R
87,411529;11,611;0,022;R
87,412189;11,647;0,022;R
87,41286;11,612;0,022;R
87,41352;11,628;0,021;R
87,414168;11,616;0,022;R
87,414839;11,613;0,023;R
87,415487;11,628;0,023;R
87,416147;11,623;0,023;R
87,416807;11,617;0,022;R
87,417478;11,637;0,021;R
87,418126;11,635;0,022;R
87,418786;11,657;0,023;R
87,419446;11,654;0,022;R
87,420117;11,633;0,021;R
87,420765;11,633;0,023;R
87,421425;11,595;0,023;R
87,422084;11,596;0,022;R
87,422744;11,655;0,022;R
87,423392;11,624;0,022;R
87,424064;11,665;0,022;R
87,424723;11,663;0,023;R
87,425371;11,617;0,023;R
87,42602;11,639;0,022;R
87,426679;11,635;0,022;R
87,427351;11,608;0,022;R
87,42801;11,625;0,022;R
87,428682;11,652;0,022;R
87,42933;11,665;0,021;R
87,42999;11,645;0,022;R
87,430649;11,655;0,022;R
87,431309;11,694;0,023;R
87,43198;11,664;0,022;R
87,43264;11,643;0,022;R
87,433311;11,662;0,022;R
87,433959;11,652;0,024;R
87,434631;11,66;0,022;R
87,43529;11,64;0,022;R
87,435939;11,644;0,023;R
87,43661;11,588;0,023;R
87,43727;11,659;0,023;R
87,437929;11,658;0,023;R
87,438601;11,615;0,023;R
87,439249;11,639;0,023;R
87,43992;11,662;0,022;R
87,440568;11,632;0,023;R
87,441228;11,68;0,023;R
87,441899;11,651;0,022;R
87,442571;11,72;0,023;R
87,443219;11,675;0,022;R
87,44389;11,642;0,022;R
87,44455;11,662;0,021;R
87,445221;11,657;0,023;R
87,445881;11,647;0,024;R
87,44654;11,637;0,025;R
87,4472;11,658;0,024;R
87,447848;11,637;0,024;R
87,44852;11,637;0,024;R
87,449179;11,638;0,024;R
87,449839;11,604;0,026;R
87,45051;11,67;0,024;R
87,45117;11,633;0,023;R
87,451841;11,634;0,023;R
87,452501;11,629;0,024;R
87,453161;11,642;0,024;R
87,453821;11,6;0,023;R
87,45448;11,602;0,023;R
87,45514;11,654;0,024;R
87,455811;11,668;0,022;R
87,456471;11,656;0,022;R
87,457131;11,647;0,022;R
87,45779;11,643;0,022;R
87,458462;11,659;0,023;R
87,45911;11,617;0,022;R
87,459781;11,613;0,022;R
87,460441;11,62;0,035;R
87,461101;11,613;0,034;R
87,461749;11,627;0,032;R
87,46242;11,662;0,031;R
87,463103;11,655;0,032;R
87,463751;11,627;0,033;R
87,464422;11,636;0,033;R
87,465105;11,632;0,022;R
87,465765;11,661;0,023;R
87,466436;11,638;0,023;R
87,68043;11,66;0,008;R
87,68074;11,627;0,008;R
87,68104;11,636;0,008;R
87,68136;11,655;0,008;R
87,68167;11,664;0,008;R
87,68198;11,633;0,008;R
87,68229;11,643;0,008;R
87,68259;11,652;0,008;R
87,68291;11,664;0,008;R
87,68321;11,637;0,008;R
87,76947;11,043;0,003;R
88,404203;11,542;0,021;R
88,404885;11,567;0,021;R
88,405545;11,586;0,021;R
88,406193;11,588;0,021;R
88,406865;11,57;0,022;R
88,407536;11,583;0,021;R
88,408196;11,58;0,021;R
88,408855;11,583;0,02;R
88,409527;11,592;0,022;R
88,410198;11,631;0,021;R
88,410846;11,597;0,021;R
88,411529;11,583;0,021;R
88,412189;11,543;0,021;R
88,412837;11,625;0,021;R
88,413485;11,562;0,021;R
88,414145;11,59;0,021;R
88,414816;11,597;0,02;R
88,415464;11,548;0,02;R
88,416124;11,573;0,021;R
88,416795;11,555;0,021;R
88,417455;11,553;0,021;R
88,418138;11,592;0,021;R
88,418786;11,586;0,021;R
88,419446;11,579;0,022;R
88,420117;11,6;0,021;R
88,420777;11,603;0,02;R
88,421436;11,562;0,021;R
88,422108;11,577;0,02;R
88,422767;11,549;0,021;R
88,423427;11,6;0,021;R
88,424098;11,541;0,02;R
88,424746;11,582;0,021;R
88,425418;11,633;0,021;R
88,426078;11,625;0,02;R
88,426737;11,591;0,021;R
88,427409;11,591;0,021;R
88,428068;11,566;0,021;R
88,42874;11,539;0,021;R
88,429399;11,639;0,021;R
88,430047;11,555;0,021;R
88,430707;11,571;0,021;R
88,431378;11,544;0,021;R
88,432027;11,586;0,02;R
88,432686;11,596;0,021;R
88,433358;11,57;0,021;R
88,434006;11,552;0,02;R
88,434677;11,555;0,021;R
88,435325;11,572;0,021;R
88,435985;11,573;0,021;R
88,436645;11,572;0,021;R
88,437316;11,638;0,021;R
88,437976;11,585;0,021;R
88,438624;11,617;0,021;R
88,439284;11,551;0,021;R
88,439955;11,582;0,02;R
88,440603;11,579;0,02;R
88,441274;11,581;0,022;R
88,441934;11,572;0,022;R
88,442605;11,57;0,022;R
88,443265;11,544;0,023;R
88,443925;11,605;0,023;R
88,444573;11,613;0,022;R
88,445244;11,609;0,023;R
88,445892;11,576;0,022;R
88,446564;11,577;0,022;R
88,447212;11,595;0,023;R
88,447883;11,555;0,022;R
88,448543;11,558;0,022;R
88,449191;11,576;0,021;R
88,449862;11,628;0,021;R
88,45051;11,618;0,022;R
88,451182;11,604;0,021;R
88,45183;11,639;0,033;R
88,452501;11,567;0,033;R
88,453161;11,59;0,037;R
88,453832;11,59;0,036;R
88,454492;11,562;0,037;R
88,455163;11,568;0,036;R
88,455823;11,573;0,036;R
88,456494;11,584;0,034;R
88,457154;11,599;0,038;R
88,457814;11,553;0,036;R
88,458485;11,603;0,022;R
88,459156;11,547;0,022;R
88,459804;11,567;0,023;R
88,460476;11,574;0,021;R
88,461807;11,557;0,022;R
88,462466;11,602;0,022;R
88,463126;11,638;0,022;R
88,463786;11,537;0,022;R
88,464457;11,577;0,021;R
88,84923;11,593;0,007;R
88,84923;11,595;0,007;R
88,84955;11,569;0,007;R
88,84955;11,567;0,007;R
88,84987;11,572;0,007;R
88,84987;11,571;0,007;R
88,85019;11,582;0,007;R
88,85019;11,581;0,007;R
88,85051;11,568;0,007;R
88,85082;11,577;0,007;R
88,85082;11,57;0,007;R
88,85114;11,566;0,007;R
88,85114;11,567;0,007;R
88,85145;11,551;0,007;R
88,85145;11,553;0,007;R
88,85176;11,571;0,007;R
88,85176;11,563;0,007;R
88,85207;11,577;0,007;R
89,401517;11,496;0,01;R
89,402362;11,493;0,011;R
89,403219;11,474;0,011;R
89,404064;11,494;0,01;R
89,40492;11,499;0,011;R
89,405765;11,477;0,011;R
89,40661;11,489;0,011;R
89,407455;11,516;0,011;R
89,4083;11,5;0,011;R
89,409145;11,508;0,01;R
89,40999;11,491;0,01;R
89,410834;11,489;0,011;R
89,411679;11,495;0,01;R
89,412524;11,495;0,01;R
89,413369;11,491;0,011;R
89,414214;11,493;0,01;R
89,415071;11,509;0,01;R
89,415915;11,494;0,01;R
89,41676;11,496;0,01;R
89,417617;11,476;0,01;R
89,418462;11,482;0,01;R
89,419307;11,493;0,01;R
89,420152;11,491;0,01;R
89,420996;11,501;0,01;R
89,42183;11,494;0,01;R
89,422675;11,481;0,01;R
89,42352;11,486;0,01;R
89,424353;11,466;0,01;R
89,425186;11,469;0,01;R
89,426031;11,48;0,01;R
89,426876;11,483;0,011;R
89,427709;11,486;0,01;R
89,428543;11,48;0,01;R
89,429376;11,475;0,01;R
89,430209;11,489;0,01;R
89,431043;11,474;0,011;R
89,431888;11,477;0,011;R
89,432733;11,491;0,011;R
89,433589;11,498;0,011;R
89,434434;11,487;0,01;R
89,435267;11,479;0,011;R
89,436124;11,482;0,01;R
89,436969;11,491;0,01;R
89,437814;11,492;0,011;R
89,438647;11,487;0,011;R
89,439515;11,497;0,012;R
89,440348;11,48;0,011;R
89,441193;11,482;0,011;R
89,442038;11,492;0,011;R
89,442883;11,47;0,012;R
89,443728;11,478;0,012;R
89,444584;11,461;0,011;R
89,445418;11,485;0,012;R
89,446251;11,498;0,011;R
89,447108;11,474;0,011;R
89,447953;11,478;0,012;R
89,448786;11,475;0,011;R
89,449631;11,494;0,011;R
89,450476;11,479;0,01;R
89,451332;11,497;0,01;R
89,452177;11,48;0,01;R
89,45301;11,487;0,01;R
89,453844;11,487;0,011;R
89,454689;11,465;0,023;R
89,455545;11,481;0,024;R
89,456378;11,481;0,01;R
89,457235;11,473;0,011;R
89,45808;11,475;0,014;R
89,458925;11,475;0,015;R
89,459793;11,498;0,015;R
89,460626;11,489;0,015;R
89,461471;11,486;0,013;R
89,69906;11,454;0,007;R
89,69936;11,453;0,007;R
89,69968;11,471;0,007;R
89,69999;11,486;0,007;R
89,7003;11,455;0,007;R
89,70061;11,447;0,007;R
89,70093;11,449;0,007;R
89,70124;11,476;0,007;R
89,70155;11,45;0,007;R
89,70186;11,457;0,007;R
90,399284;11,526;0,011;R
90,40014;11,514;0,011;R
90,400985;11,506;0,011;R
90,401818;11,528;0,011;R
90,402675;11,518;0,011;R
90,40352;11,501;0,011;R
90,404365;11,499;0,011;R
90,405221;11,501;0,01;R
90,406066;11,501;0,01;R
90,406922;11,505;0,01;R
90,407767;11,506;0,01;R
90,408601;11,522;0,01;R
90,409457;11,521;0,011;R
90,41029;11,52;0,01;R
90,411147;11,523;0,01;R
90,411992;11,493;0,01;R
90,412825;11,536;0,01;R
90,413682;11,505;0,01;R
90,414527;11,501;0,01;R
90,415371;11,498;0,011;R
90,416216;11,516;0,01;R
90,417061;11,51;0,01;R
90,417906;11,532;0,01;R
90,418751;11,501;0,01;R
90,419596;11,489;0,01;R
90,420441;11,517;0,01;R
90,421286;11,489;0,01;R
90,422142;11,483;0,01;R
90,422987;11,512;0,01;R
90,423832;11,51;0,011;R
90,424677;11,499;0,01;R
90,425522;11,502;0,01;R
90,426367;11,509;0,01;R
90,427212;11,483;0,01;R
90,428057;11,498;0,011;R
90,428902;11,505;0,011;R
90,429746;11,509;0,011;R
90,43058;11,492;0,011;R
90,431436;11,507;0,012;R
90,432293;11,508;0,011;R
90,433138;11,483;0,011;R
90,433983;11,509;0,011;R
90,434828;11,499;0,011;R
90,435672;11,52;0,011;R
90,436517;11,497;0,011;R
90,437362;11,503;0,011;R
90,438207;11,501;0,011;R
90,439064;11,492;0,01;R
90,43992;11,504;0,011;R
90,440765;11,517;0,01;R
90,44161;11,525;0,01;R
90,442466;11,506;0,01;R
90,443311;11,507;0,011;R
90,444156;11,496;0,013;R
90,445001;11,494;0,013;R
90,445858;11,491;0,015;R
90,446714;11,507;0,016;R
90,447559;11,483;0,014;R
90,448415;11,495;0,015;R
90,449272;11,507;0,013;R
90,450117;11,491;0,011;R
90,450973;11,498;0,01;R
90,451818;11,495;0,01;R
90,452663;11,499;0,01;R
90,45352;11,488;0,011;R
90,454353;11,496;0,011;R
90,455198;11,504;0,011;R
90,456043;11,484;0,01;R
90,456888;11,505;0,01;R
90,457744;11,505;0,011;R
90,458601;11,512;0,011;R
91,395939;11,59;0,011;R
91,396784;11,592;0,011;R
91,397628;11,59;0,011;R
91,398473;11,589;0,011;R
91,399318;11,61;0,011;R
91,400163;11,571;0,011;R
91,400996;11,574;0,011;R
91,40183;11,614;0,011;R
91,402686;11,58;0,011;R
91,40352;11,595;0,011;R
91,404365;11,594;0,01;R
91,405209;11,595;0,011;R
91,406054;11,616;0,011;R
91,406899;11,573;0,011;R
91,407756;11,614;0,01;R
91,408612;11,569;0,01;R
91,409457;11,612;0,011;R
91,410302;11,587;0,011;R
91,411147;11,6;0,011;R
91,411992;11,598;0,011;R
91,412837;11,611;0,011;R
91,413682;11,607;0,011;R
91,414527;11,599;0,011;R
91,415371;11,6;0,011;R
91,416216;11,597;0,011;R
91,417061;11,589;0,011;R
91,417918;11,586;0,011;R
91,418751;11,591;0,011;R
91,419596;11,578;0,011;R
91,420441;11,587;0,011;R
91,421274;11,595;0,011;R
91,422108;11,585;0,011;R
91,423022;11,592;0,011;R
91,423878;11,585;0,011;R
91,424723;11,583;0,011;R
91,425557;11,618;0,011;R
91,426402;11,61;0,011;R
91,427246;11,57;0,011;R
91,428091;11,59;0,011;R
91,428936;11,573;0,011;R
91,429781;11,597;0,011;R
91,430638;11,613;0,012;R
91,431494;11,6;0,011;R
91,432328;11,584;0,011;R
91,433184;11,608;0,012;R
91,434017;11,597;0,013;R
91,434874;11,609;0,012;R
91,435719;11,602;0,012;R
91,436575;11,601;0,012;R
91,43742;11,59;0,012;R
91,438277;11,607;0,012;R
91,43911;11,608;0,012;R
91,439955;11,608;0,012;R
91,440811;11,6;0,013;R
91,441668;11,601;0,012;R
91,442501;11,597;0,012;R
91,443346;11,583;0,012;R
91,444203;11,599;0,012;R
91,445036;11,596;0,012;R
91,445881;11,599;0,012;R
91,446726;11,608;0,011;R
91,447571;11,59;0,011;R
91,448427;11,599;0,011;R
91,44926;11,586;0,011;R
91,450117;11,583;0,011;R
91,45095;11,613;0,011;R
91,451807;11,604;0,011;R
91,452663;11,598;0,014;R
91,453508;11,587;0,014;R
91,454365;11,592;0,013;R
91,455221;11,61;0,015;R
91,456054;11,598;0,015;R
92,393913;11,709;0,011;R
92,395476;11,701;0,012;R
92,397027;11,693;0,011;R
92,398566;11,709;0,012;R
92,400094;11,69;0,012;R
92,401645;11,688;0,012;R
92,403207;11,709;0,011;R
92,404746;11,707;0,011;R
92,406321;11,697;0,011;R
92,40786;11,694;0,012;R
92,409411;11,7;0,011;R
92,410973;11,714;0,011;R
92,412513;11,707;0,011;R
92,414052;11,731;0,011;R
92,415615;11,687;0,011;R
92,417165;11,703;0,011;R
92,418728;11,696;0,012;R
92,420279;11,716;0,011;R
92,421807;11,705;0,011;R
92,423369;11,703;0,011;R
92,42492;11,707;0,011;R
92,426483;11,72;0,011;R
92,428034;11,72;0,011;R
92,429573;11,722;0,012;R
92,431135;11,691;0,013;R
92,432686;11,712;0,012;R
92,434249;11,71;0,012;R
92,4358;11,733;0,014;R
92,437351;11,714;0,013;R
92,438902;11,705;0,013;R
92,440464;11,697;0,013;R
92,442015;11,713;0,014;R
92,443566;11,717;0,014;R
92,445117;11,712;0,012;R
92,446645;11,698;0,011;R
92,448207;11,72;0,018;R
92,44977;11,706;0,012;R
92,451309;11,702;0,012;R
92,452871;11,717;0,011;R
92,77786;11,665;0,004;R
92,85094;11,673;0,003;R
92,90325;11,671;0,003;R
92,94975;11,658;0,004;R
92,99674;11,669;0,003;R
93,04425;11,682;0,004;R
93,391089;11,779;0,012;R
93,392652;11,798;0,012;R
93,394203;11,849;0,012;R
93,395753;11,776;0,012;R
93,397304;11,758;0,012;R
93,398855;11,79;0,012;R
93,400406;11,833;0,013;R
93,401957;11,787;0,012;R
93,403508;11,79;0,012;R
93,405059;11,778;0,012;R
93,406621;11,779;0,012;R
93,408184;11,791;0,012;R
93,409758;11,816;0,012;R
93,411309;11,777;0,012;R
93,41286;11,778;0,012;R
93,414399;11,791;0,012;R
93,415962;11,769;0,012;R
93,417524;11,774;0,012;R
93,419098;11,774;0,012;R
93,420649;11,78;0,012;R
93,4222;11,77;0,012;R
93,423763;11,768;0,012;R
93,425325;11,786;0,012;R
93,426899;11,793;0,012;R
93,42845;11,77;0,012;R
93,430013;11,796;0,012;R
93,431575;11,784;0,015;R
93,433138;11,798;0,014;R
93,4347;11,799;0,014;R
93,436251;11,777;0,014;R
93,438543;11,778;0,013;R
93,440094;11,78;0,013;R
93,441656;11,777;0,013;R
93,443219;11,784;0,014;R
93,444781;11,799;0,015;R
93,446344;11,774;0,014;R
93,447906;11,804;0,013;R
93,449469;11,774;0,013;R
93,79697;11,66;0,003;R
93,80024;11,169;0,003;R
93,87138;11,85;0,012;R
93,87169;11,85;0,012;R
93,87202;11,857;0,012;R
93,87233;11,882;0,012;R
93,87264;11,891;0,012;R
93,87296;11,841;0,012;R
93,87328;11,867;0,012;R
93,87359;11,862;0,012;R
93,87391;11,867;0,012;R
93,87423;11,846;0,012;R
94,382767;11,857;0,012;R
94,384318;11,855;0,012;R
94,385869;11,874;0,012;R
94,387409;11,871;0,012;R
94,388971;11,896;0,013;R
94,390522;11,863;0,012;R
94,392073;11,853;0,012;R
94,393624;11,867;0,012;R
94,395186;11,84;0,012;R
94,396737;11,874;0,012;R
94,398277;11,869;0,012;R
94,399839;11,881;0,013;R
94,40139;11,895;0,012;R
94,402941;11,861;0,012;R
94,404492;11,887;0,012;R
94,406054;11,904;0,012;R
94,407594;11,888;0,012;R
94,409156;11,9;0,013;R
94,41073;11,871;0,012;R
94,41227;11,899;0,012;R
94,413832;11,907;0,013;R
94,415406;11,888;0,013;R
94,416946;11,892;0,012;R
94,418496;11,881;0,013;R
94,420059;11,875;0,012;R
94,42161;11,892;0,013;R
94,423172;11,873;0,013;R
94,424723;11,887;0,012;R
94,426286;11,889;0,013;R
94,427837;11,885;0,012;R
94,429399;11,882;0,013;R
94,43095;11,896;0,013;R
94,432524;11,889;0,013;R
94,434075;11,865;0,012;R
94,435638;11,901;0,012;R
94,437189;11,885;0,015;R
94,438763;11,918;0,013;R
94,440325;11,891;0,015;R
94,441876;11,875;0,014;R
94,443439;11,872;0,013;R
94,444978;11,891;0,013;R
94,44654;11,898;0,012;R
94,76171;11,825;0,005;R
94,80805;11,855;0,02;R
94,85513;11,788;0,019;R
94,85644;11,855;0,004;R
95,04248;11,837;0,017;R
95,380128;11,957;0,013;R
95,3822;11,983;0,013;R
95,384284;11,977;0,013;R
95,386355;11,987;0,013;R
95,388427;11,967;0,013;R
95,390499;11,952;0,013;R
95,392559;11,982;0,013;R
95,394631;11,959;0,013;R
95,396714;11,961;0,012;R
95,398786;11,97;0,013;R
95,400846;11,955;0,012;R
95,402929;11,96;0,013;R
95,405001;11,934;0,012;R
95,407073;11,957;0,012;R
95,409145;11,974;0,013;R
95,411216;11,964;0,013;R
95,413288;11,975;0,013;R
95,415348;11,94;0,013;R
95,417409;11,974;0,012;R
95,41948;11,96;0,013;R
95,421552;11,947;0,012;R
95,423624;11,978;0,012;R
95,425696;11,99;0,022;R
95,427756;11,953;0,02;R
95,429816;11,965;0,023;R
95,431888;11,976;0,021;R
95,433948;11,979;0,03;R
95,43602;11,968;0,029;R
95,43808;11,957;0,029;R
95,440152;11,964;0,026;R
95,442212;11,983;0,027;R
95,444272;11,961;0,024;R
95,82956;12,033;0,013;R
95,82989;12,012;0,013;R
95,83021;12,028;0,013;R
95,83051;12,005;0,013;R
95,83083;11,981;0,013;R
95,83116;12,038;0,014;R
95,83147;12,008;0,014;R
95,83177;12,022;0,014;R
95,83208;12,001;0,014;R
95,8324;12,005;0,014;R
96,374527;11,988;0,013;R
96,376564;12,005;0,012;R
96,378635;12,012;0,013;R
96,380696;12,033;0,013;R
96,382779;11,995;0,013;R
96,384851;11,997;0,013;R
96,386911;11,984;0,012;R
96,388971;11,995;0,013;R
96,391043;12,013;0,012;R
96,393103;12,009;0,013;R
96,395163;12,034;0,013;R
96,397212;12,009;0,013;R
96,399284;11,983;0,013;R
96,401355;12,019;0,013;R
96,403415;12,026;0,013;R
96,405476;11,997;0,013;R
96,407536;11,996;0,012;R
96,409596;12,021;0,013;R
96,411645;11,996;0,013;R
96,413705;12,011;0,013;R
96,415788;11,981;0,013;R
96,41786;11,987;0,013;R
96,419897;12,024;0,013;R
96,421969;12,012;0,013;R
96,424006;12,03;0,013;R
96,426078;12,015;0,013;R
96,428138;12,021;0,013;R
96,430198;12,011;0,013;R
96,43227;11,993;0,013;R
96,434318;12;0,013;R
96,436402;12,03;0,02;R
96,438485;12,02;0,023;R
96,440557;12,003;0,031;R
96,71758;11,944;0,031;R
96,71788;11,963;0,031;R
96,7182;11,966;0,038;R
96,71851;12,001;0,031;R
96,71883;11,971;0,028;R
96,71913;11,936;0,041;R
96,71945;11,965;0,036;R
96,71975;11,93;0,034;R
96,72006;11,93;0,022;R
96,72037;11,982;0,031;R
97,374434;11,983;0,013;R
97,376471;11,985;0,013;R
97,378554;11,988;0,013;R
97,380626;11,986;0,013;R
97,382686;12,006;0,013;R
97,384735;11,985;0,013;R
97,386807;12,007;0,013;R
97,388867;11,998;0,013;R
97,390939;12,027;0,014;R
97,392976;12,005;0,013;R
97,395047;11,997;0,013;R
97,397096;12,01;0,013;R
97,399156;11,993;0,013;R
97,401193;12,02;0,013;R
97,403253;12,011;0,013;R
97,405314;11,992;0,013;R
97,407385;12,007;0,013;R
97,409446;11,994;0,013;R
97,411517;11,973;0,013;R
97,413566;11,986;0,013;R
97,415638;12,005;0,013;R
97,417686;11,994;0,013;R
97,419735;11,999;0,013;R
97,421807;12,01;0,013;R
97,423878;12,003;0,013;R
97,42595;12,008;0,013;R
97,428034;11,962;0,014;R
97,430082;11,973;0,014;R
97,432154;12,007;0,021;R
97,434226;12,016;0,021;R
97,436297;12,009;0,022;R
97,438358;12,028;0,031;R
98,371749;11,93;0,013;R
98,373693;11,918;0,013;R
98,375638;11,931;0,013;R
98,377605;11,933;0,013;R
98,379527;11,931;0,013;R
98,381483;11,952;0,013;R
98,383427;11,926;0,013;R
98,385371;11,928;0,013;R
98,387293;11,942;0,013;R
98,38926;11,942;0,013;R
98,391205;11,962;0,013;R
98,393149;11,92;0,013;R
98,395105;11,947;0,013;R
98,397027;11,911;0,013;R
98,398983;11,981;0,013;R
98,400927;11,932;0,013;R
98,40286;11,916;0,013;R
98,404781;11,942;0,013;R
98,406726;11,92;0,013;R
98,408659;11,939;0,013;R
98,410603;11,91;0,013;R
98,412559;11,902;0,013;R
98,414515;11,947;0,013;R
98,416459;11,919;0,013;R
98,418404;11,958;0,013;R
98,42036;11,963;0,013;R
98,422328;11,899;0,013;R
98,42426;11,924;0,021;R
98,426216;11,951;0,019;R
98,428161;11,942;0,02;R
98,430105;11,939;0,033;R
98,432061;11,906;0,034;R
98,434006;11,918;0,013;R
98,435927;11,936;0,013;R
98,89995;11,917;0,015;R
98,90026;11,934;0,015;R
98,90057;11,939;0,016;R
98,90088;11,927;0,016;R
98,90119;11,895;0,015;R
98,90151;11,941;0,016;R
98,90182;11,903;0,015;R
98,90213;11,935;0,015;R
98,90243;11,923;0,015;R
98,90274;11,915;0,015;R
99,369191;11,843;0,014;R
99,371135;11,835;0,014;R
99,373057;11,844;0,014;R
99,37499;11,826;0,014;R
99,376922;11,848;0,014;R
99,378867;11,834;0,014;R
99,380823;11,847;0,014;R
99,382767;11,863;0,014;R
99,384712;11,814;0,014;R
99,386633;11,835;0,014;R
99,388566;11,866;0,015;R
99,390534;11,857;0,014;R
99,39249;11,862;0,015;R
99,394446;11,889;0,015;R
99,39639;11,855;0,015;R
99,398334;11,866;0,015;R
99,400279;11,87;0,015;R
99,402223;11,867;0,015;R
99,404179;11,848;0,015;R
99,406101;11,853;0,015;R
99,408034;11,848;0,014;R
99,409978;11,842;0,015;R
99,411911;11,843;0,015;R
99,413878;11,829;0,015;R
99,415834;11,859;0,015;R
99,41779;11,813;0,014;R
99,419746;11,861;0,015;R
99,421691;11,836;0,014;R
99,423635;11,821;0,014;R
99,42558;11,801;0,014;R
99,427513;11,8;0,014;R
99,429469;11,822;0,029;R
99,431402;11,808;0,03;R
99,433358;11,824;0,014;R
100,366066;11,702;0,014;R
100,368022;11,765;0,014;R
100,369966;11,782;0,015;R
100,371922;11,736;0,014;R
100,373855;11,744;0,015;R
100,375788;11,723;0,015;R
100,377733;11,728;0,015;R
100,379677;11,75;0,015;R
100,38161;11,792;0,015;R
100,383566;11,831;0,015;R
100,385522;11,778;0,015;R
100,387466;11,805;0,016;R
100,389422;11,79;0,016;R
100,391367;11,781;0,015;R
100,393323;11,788;0,015;R
100,395279;11,748;0,015;R
100,397235;11,83;0,016;R
100,399191;11,812;0,016;R
100,401112;11,755;0,015;R
100,403068;11,82;0,015;R
100,405024;11,755;0,015;R
100,406969;11,783;0,015;R
100,408925;11,782;0,015;R
100,410858;11,782;0,015;R
100,412814;11,784;0,015;R
100,414758;11,739;0,015;R
100,416714;11,784;0,016;R
100,41867;11,775;0,015;R
100,420626;11,784;0,015;R
100,422582;11,757;0,015;R
100,424538;11,774;0,015;R
100,426506;11,755;0,015;R
100,42845;11,772;0,014;R
100,430418;11,728;0,014;R
100,93473;11,761;0,025;R
100,93506;11,723;0,025;R
100,93536;11,752;0,025;R
100,93568;11,743;0,025;R
100,93598;11,752;0,024;R
100,9363;11,763;0,024;R
100,9366;11,731;0,024;R
100,93691;11,751;0,025;R
100,93723;11,777;0,025;R
100,93755;11,754;0,026;R
101,36367;11,739;0,013;R
101,365615;11,722;0,014;R
101,367559;11,751;0,013;R
101,369492;11,722;0,014;R
101,371448;11,751;0,014;R
101,373404;11,733;0,014;R
101,37536;11,731;0,014;R
101,377316;11,739;0,014;R
101,379272;11,752;0,014;R
101,381193;11,789;0,014;R
101,383138;11,784;0,014;R
101,385105;11,81;0,014;R
101,38705;11,787;0,014;R
101,388994;11,797;0,014;R
101,39095;11,788;0,014;R
101,392918;11,783;0,014;R
101,394839;11,756;0,014;R
101,396795;11,802;0,014;R
101,398763;11,758;0,014;R
101,40073;11,782;0,014;R
101,402698;11,745;0,014;R
101,404654;11,76;0,014;R
101,406598;11,752;0,014;R
101,408554;11,746;0,014;R
101,41051;11,748;0,014;R
101,412478;11,745;0,014;R
101,414434;11,77;0,015;R
101,41639;11,786;0,015;R
101,418334;11,755;0,015;R
101,420279;11,762;0,014;R
101,422212;11,772;0,014;R
101,424156;11,796;0,015;R
101,426112;11,774;0,015;R
101,428045;11,76;0,015;R
101,88539;11,612;0,003;R
101,93357;11,593;0,003;R
101,98048;11,599;0,003;R
102,02676;11,549;0,004;R
102,361355;11,653;0,012;R
102,363277;11,677;0,013;R
102,365209;11,69;0,012;R
102,367154;11,697;0,013;R
102,369087;11,709;0,013;R
102,371043;11,703;0,013;R
102,372976;11,665;0,013;R
102,374897;11,695;0,013;R
102,37683;11,73;0,013;R
102,378774;11,739;0,013;R
102,38073;11,715;0,013;R
102,382675;11,723;0,013;R
102,384619;11,747;0,013;R
102,386564;11,693;0,013;R
102,388485;11,731;0,013;R
102,390441;11,733;0,013;R
102,392374;11,711;0,013;R
102,39433;11,718;0,013;R
102,396286;11,713;0,013;R
102,398219;11,705;0,013;R
102,400163;11,707;0,013;R
102,402096;11,7;0,013;R
102,404052;11,676;0,013;R
102,405985;11,664;0,013;R
102,407918;11,668;0,012;R
102,409874;11,7;0,014;R
102,411818;11,68;0,013;R
102,413774;11,678;0,013;R
102,41573;11,661;0,028;R
102,417675;11,681;0,027;R
102,419608;11,677;0,03;R
102,421552;11,654;0,012;R
102,423473;11,684;0,012;R
102,425429;11,697;0,012;R
102,79946;11,627;0,003;R
102,84803;11,624;0,003;R
102,89404;11,633;0,003;R
102,92464;11,703;0,03;R
102,92494;11,656;0,038;R
102,92526;11,759;0,033;R
102,92558;11,718;0,035;R
102,92589;11,727;0,035;R
102,9262;11,708;0,025;R
102,92652;11,687;0,018;R
102,92684;11,714;0,019;R
102,92715;11,725;0,019;R
102,92747;11,738;0,018;R
103,33219;11,72;0,024;R
103,358462;11,774;0,013;R
103,360406;11,769;0,013;R
103,362328;11,769;0,013;R
103,364272;11,732;0,013;R
103,366228;11,766;0,012;R
103,368149;11,77;0,013;R
103,370094;11,77;0,013;R
103,372038;11,769;0,013;R
103,373983;11,769;0,013;R
103,375939;11,788;0,013;R
103,377895;11,772;0,012;R
103,379828;11,775;0,013;R
103,38176;11,778;0,013;R
103,383716;11,804;0,013;R
103,385684;11,77;0,013;R
103,387628;11,778;0,013;R
103,389573;11,786;0,013;R
103,391506;11,784;0,013;R
103,393439;11,778;0,013;R
103,395395;11,772;0,013;R
103,397351;11,819;0,013;R
103,399284;11,791;0,013;R
103,401228;11,783;0,013;R
103,403184;11,769;0,013;R
103,405117;11,781;0,033;R
103,407027;11,786;0,03;R
103,408959;11,79;0,032;R
103,410904;11,787;0,032;R
103,412848;11,804;0,013;R
103,414804;11,795;0,013;R
103,416772;11,804;0,013;R
103,418716;11,802;0,013;R
103,420672;11,797;0,014;R
103,422605;11,796;0,014;R
103,86434;11,875;0,014;R
103,86465;11,895;0,014;R
103,86495;11,895;0,014;R
103,86527;11,88;0,014;R
103,86559;11,885;0,014;R
103,8659;11,892;0,014;R
103,86622;11,889;0,015;R
103,86653;11,869;0,014;R
103,86684;11,885;0,014;R
103,86714;11,916;0,014;R
104,355638;11,931;0,015;R
104,357582;11,919;0,014;R
104,359527;11,954;0,014;R
104,361471;11,935;0,014;R
104,363404;11,892;0,014;R
104,365348;11,892;0,014;R
104,367304;11,916;0,014;R
104,369249;11,926;0,014;R
104,371205;11,935;0,014;R
104,373138;11,953;0,014;R
104,375082;11,941;0,014;R
104,377027;11,937;0,014;R
104,378994;11,932;0,014;R
104,380927;11,955;0,014;R
104,38286;11,932;0,015;R
104,384816;11,923;0,015;R
104,38676;11,973;0,016;R
104,388705;11,946;0,015;R
104,390661;11,978;0,015;R
104,392594;11,986;0,015;R
104,394527;11,961;0,015;R
104,396471;11,948;0,015;R
104,398415;11,946;0,014;R
104,400371;11,95;0,014;R
104,402316;11,944;0,014;R
104,404237;11,914;0,015;R
104,406193;11,917;0,015;R
104,408138;11,994;0,015;R
104,410082;11,941;0,031;R
104,412038;11,935;0,036;R
104,413983;11,936;0,039;R
104,41595;11,931;0,016;R
104,417871;11,965;0,016;R
104,419828;11,907;0,016;R
104,92042;11,916;0,003;R
104,96884;11,907;0,003;R
105,0177;11,91;0,004;R
105,353172;12,022;0,014;R
105,354712;12,013;0,014;R
105,356263;12,054;0,014;R
105,357802;12,011;0,015;R
105,359353;12,009;0,015;R
105,360904;12,02;0,014;R
105,362455;12,007;0,015;R
105,364029;12,011;0,015;R
105,36558;12,004;0,014;R
105,367142;12,058;0,014;R
105,368693;12,03;0,015;R
105,370256;12,041;0,015;R
105,371807;11,996;0,014;R
105,373358;12,03;0,015;R
105,374909;12,023;0,015;R
105,376471;12,033;0,014;R
105,378034;12,018;0,015;R
105,379584;11,964;0,013;R
105,381147;12,001;0,015;R
105,382709;12,067;0,014;R
105,38426;12,025;0,014;R
105,385811;12,022;0,014;R
105,387374;12,019;0,015;R
105,388925;12,025;0,017;R
105,390476;12,03;0,016;R
105,392027;11,982;0,016;R
105,393589;12,043;0,018;R
105,395152;12,035;0,016;R
105,396703;12,035;0,014;R
105,398253;12,035;0,014;R
105,400534;12,014;0,018;R
105,402096;12,033;0,018;R
105,403647;12,045;0,016;R
105,405186;12,033;0,017;R
105,406749;12,033;0,017;R
105,408288;11,984;0,014;R
105,409851;12,027;0,014;R
105,411413;12,04;0,014;R
105,412964;12,027;0,014;R
105,414538;12,029;0,014;R
105,416078;12,03;0,022;R
105,79824;12,011;0,003;R
105,84507;11,965;0,003;R
105,89185;11,945;0,003;R
105,93789;11,971;0,003;R
106,350128;12,061;0,015;R
106,351691;12,07;0,015;R
106,35323;12,129;0,015;R
106,354793;12,093;0,014;R
106,356344;12,097;0,014;R
106,357906;12,077;0,015;R
106,359446;12,082;0,014;R
106,360996;12,105;0,015;R
106,362547;12,106;0,014;R
106,364087;12,068;0,014;R
106,365638;12,11;0,014;R
106,367189;12,058;0,014;R
106,36874;12,108;0,015;R
106,370279;12,069;0,014;R
106,37183;12,099;0,014;R
106,373392;12,118;0,014;R
106,374932;12,074;0,014;R
106,376471;12,091;0,015;R
106,378034;12,09;0,015;R
106,379573;12,091;0,014;R
106,381124;12,064;0,014;R
106,382663;12,094;0,014;R
106,384226;12,061;0,014;R
106,385765;12,063;0,015;R
106,387316;12,095;0,017;R
106,388855;12,105;0,017;R
106,390418;12,101;0,017;R
106,39198;12,088;0,017;R
106,393531;12,051;0,015;R
106,395094;12,089;0,018;R
106,396633;12,101;0,016;R
106,398207;12,104;0,015;R
106,39977;12,056;0,014;R
106,401332;12,075;0,018;R
106,402895;12,1;0,018;R
106,404434;12,048;0,019;R
106,405985;12,103;0,02;R
106,407547;12,069;0,017;R
106,409087;12,073;0,014;R
106,410626;12,073;0,068;R
106,412177;12,085;0,015;R
106,413728;12,073;0,024;R
106,96994;11,361;0,005;R
107,347362;12,097;0,015;R
107,348925;12,047;0,017;R
107,350487;12,088;0,018;R
107,35205;12,063;0,018;R
107,353601;12,078;0,017;R
107,35514;12,092;0,018;R
107,356703;12,1;0,017;R
107,358242;12,144;0,017;R
107,359781;12,066;0,017;R
107,361321;12,112;0,017;R
107,362871;12,161;0,017;R
107,364422;12,047;0,017;R
107,365985;12,089;0,019;R
107,367536;12,13;0,017;R
107,369075;12,105;0,018;R
107,370615;12,171;0,018;R
107,372177;12,08;0,019;R
107,373728;12,051;0,019;R
107,37529;12,084;0,018;R
107,376841;12,088;0,019;R
107,378404;12,067;0,018;R
107,379955;12,174;0,019;R
107,381494;12,144;0,018;R
107,383057;12,083;0,017;R
107,384631;12,123;0,018;R
107,386193;12,115;0,018;R
107,387756;12,093;0,018;R
107,389307;12,076;0,018;R
107,390858;12,078;0,017;R
107,392409;12,203;0,025;R
107,393948;12,091;0,017;R
107,395499;12,066;0,017;R
107,397061;12,096;0,016;R
107,398612;12,118;0,016;R
107,400163;12,081;0,016;R
107,401726;12,064;0,022;R
107,403288;12,11;0,019;R
107,404828;12,082;0,019;R
107,40639;12,094;0,017;R
107,407941;12,121;0,016;R
107,409492;12,085;0,015;R
107,411066;12,105;0,015;R
107,8756;12,105;0,015;R
107,87592;12,088;0,015;R
107,87624;12,058;0,015;R
107,87656;12,075;0,015;R
107,87688;12,081;0,015;R
107,87719;12,09;0,015;R
107,8775;12,065;0,014;R
107,87781;12,074;0,015;R
107,87813;12,099;0,015;R
107,87844;12,072;0,015;R
108,344741;12,059;0,01;R
108,346535;12,078;0,01;R
108,348329;12,059;0,01;R
108,350123;12,071;0,01;R
108,351905;12,083;0,01;R
108,353687;12,07;0,01;R
108,35547;12,083;0,01;R
108,357264;12,076;0,01;R
108,359058;12,079;0,01;R
108,36084;12,089;0,011;R
108,362634;12,066;0,01;R
108,364428;12,064;0,01;R
108,366211;12,054;0,01;R
108,368005;12,082;0,01;R
108,369799;12,084;0,01;R
108,371593;12,084;0,01;R
108,373363;12,064;0,01;R
108,375146;12,062;0,01;R
108,376951;12,06;0,01;R
108,378734;12,08;0,01;R
108,380528;12,071;0,01;R
108,38231;12,063;0,01;R
108,384104;12,064;0,01;R
108,385887;12,055;0,01;R
108,387669;12,076;0,011;R
108,38944;12,066;0,011;R
108,391234;12,051;0,01;R
108,393028;12,064;0,01;R
108,394822;12,06;0,01;R
108,396627;12,081;0,01;R
108,39841;12,043;0,01;R
108,400204;12,052;0,011;R
108,401998;12,06;0,01;R
108,403768;12,085;0,01;R
108,405562;12,083;0,01;R
108,407356;12,076;0,011;R
108,83447;12,08;0,013;R
108,83478;12,098;0,013;R
108,83511;12,09;0,013;R
108,83542;12,069;0,013;R
108,83574;12,136;0,014;R
108,83605;12,069;0,013;R
108,83637;12,09;0,013;R
108,83668;12,123;0,014;R
108,83699;12,075;0,013;R
108,8373;12,096;0,014;R
109,341998;12,06;0,01;R
109,343792;12,055;0,01;R
109,345562;12,042;0,01;R
109,347356;12,043;0,01;R
109,34915;12,044;0,01;R
109,350933;12,034;0,01;R
109,352715;12,037;0,01;R
109,354498;12,03;0,01;R
109,356292;12,059;0,01;R
109,358074;12,033;0,01;R
109,35988;12,029;0,01;R
109,36165;12,032;0,01;R
109,363433;12,03;0,01;R
109,365215;12,031;0,01;R
109,366998;12,046;0,01;R
109,368768;12,036;0,009;R
109,370539;12,041;0,01;R
109,372322;12,048;0,01;R
109,374093;12,031;0,01;R
109,375863;12,04;0,009;R
109,377634;12,055;0,01;R
109,379405;12,047;0,01;R
109,381176;12,041;0,01;R
109,382947;12,059;0,01;R
109,384729;12,042;0,01;R
109,386512;12,037;0,01;R
109,388306;12,051;0,01;R
109,390076;12,056;0,01;R
109,391859;12,042;0,01;R
109,393641;12,045;0,01;R
109,395424;12,029;0,01;R
109,397194;12,036;0,01;R
109,398954;12,042;0,01;R
109,400713;12,042;0,012;R
109,402484;12,047;0,011;R
109,404255;12,039;0,01;R
109,406025;12,054;0,015;R
109,81374;12,047;0,013;R
109,81406;12,039;0,013;R
109,81438;12,061;0,013;R
109,81469;12,036;0,013;R
109,81501;12,057;0,013;R
109,81534;12,056;0,013;R
109,81565;12,035;0,013;R
109,81597;12,061;0,013;R
109,8163;12,053;0,013;R
109,81661;12,036;0,013;R
110,339266;12,026;0,012;R
110,341049;12,024;0,038;R
110,342831;12,032;0,011;R
110,344625;12,01;0,01;R
110,346419;12,028;0,01;R
110,348201;12,012;0,01;R
110,349995;11,987;0,01;R
110,351755;12,025;0,011;R
110,353549;12,015;0,012;R
110,355343;12,035;0,011;R
110,357125;11,994;0,01;R
110,358907;12,013;0,01;R
110,36069;11,981;0,015;R
110,362484;11,973;0,023;R
110,364278;12,003;0,014;R
110,36606;12,011;0,01;R
110,367843;12,021;0,012;R
110,369625;12,006;0,013;R
110,371431;12,005;0,011;R
110,373213;12,063;0,015;R
110,374995;12,019;0,01;R
110,376778;12,039;0,01;R
110,37856;12,021;0,01;R
110,380354;12,023;0,01;R
110,382137;12,021;0,01;R
110,383896;12,022;0,01;R
110,385678;12,027;0,01;R
110,387461;12,016;0,01;R
110,389231;12,028;0,01;R
110,391014;12,006;0,01;R
110,392796;12,007;0,01;R
110,394579;12,019;0,01;R
110,396338;12,037;0,01;R
110,398109;12,015;0,01;R
110,399891;12,009;0,01;R
110,401685;12,018;0,01;R
110,403468;12,026;0,01;R
111,335794;12,126;0,011;R
111,33687;12,116;0,011;R
111,337935;12,096;0,011;R
111,339012;12,088;0,01;R
111,340065;12,101;0,011;R
111,341141;12,114;0,011;R
111,342218;12,111;0,011;R
111,343294;12,115;0,01;R
111,344347;12,118;0,011;R
111,345424;12,115;0,011;R
111,3465;12,123;0,011;R
111,347553;12,127;0,011;R
111,34863;12,118;0,011;R
111,349706;12,116;0,011;R
111,350771;12,108;0,011;R
111,351836;12,135;0,011;R
111,352912;12,102;0,01;R
111,353977;12,119;0,011;R
111,355042;12,107;0,01;R
111,35613;12,114;0,011;R
111,357206;12,121;0,011;R
111,358271;12,12;0,01;R
111,359336;12,128;0,011;R
111,360412;12,107;0,01;R
111,361477;12,096;0,011;R
111,362542;12,102;0,011;R
111,363618;12,12;0,01;R
111,364706;12,127;0,011;R
111,365771;12,118;0,011;R
111,366847;12,14;0,011;R
111,367924;12,117;0,01;R
111,368988;12,098;0,011;R
111,370042;12,116;0,011;R
111,37113;12,117;0,012;R
111,372218;12,136;0,011;R
111,373282;12,13;0,011;R
111,37437;12,118;0,011;R
111,375435;12,112;0,011;R
111,376512;12,114;0,011;R
111,377576;12,119;0,011;R
111,378653;12,126;0,01;R
111,379729;12,118;0,011;R
111,380794;12,121;0,011;R
111,38187;12,121;0,011;R
111,382947;12,132;0,011;R
111,384023;12,118;0,011;R
111,385099;12,13;0,011;R
111,386176;12,106;0,011;R
111,387252;12,118;0,011;R
111,388317;12,122;0,011;R
111,389382;12,136;0,011;R
111,390447;12,132;0,011;R
111,391512;12,119;0,011;R
111,392611;12,121;0,01;R
111,393687;12,1;0,011;R
111,394752;12,129;0,012;R
111,395829;12,111;0,011;R
111,396905;12,125;0,011;R
111,397981;12,116;0,011;R
111,399058;12,128;0,011;R
111,400134;12,132;0,011;R
111,401211;12,116;0,01;R
112,332877;12,184;0,011;R
112,333965;12,193;0,011;R
112,335053;12,19;0,011;R
112,33613;12,192;0,011;R
112,337206;12,179;0,01;R
112,338294;12,19;0,011;R
112,339359;12,2;0,011;R
112,340412;12,217;0,011;R
112,341488;12,194;0,011;R
112,342576;12,204;0,011;R
112,343641;12,183;0,01;R
112,344729;12,198;0,01;R
112,345817;12,202;0,01;R
112,34687;12,189;0,01;R
112,347947;12,179;0,011;R
112,349012;12,181;0,011;R
112,350099;12,181;0,011;R
112,351187;12,184;0,011;R
112,352275;12,177;0,011;R
112,353352;12,195;0,011;R
112,35444;12,196;0,011;R
112,355528;12,197;0,011;R
112,356604;12,188;0,01;R
112,357669;12,178;0,011;R
112,358745;12,183;0,011;R
112,35981;12,2;0,011;R
112,360887;12,197;0,011;R
112,361963;12,21;0,01;R
112,363051;12,199;0,01;R
112,364139;12,202;0,011;R
112,365215;12,188;0,011;R
112,366292;12,195;0,011;R
112,36738;12,189;0,011;R
112,368468;12,221;0,011;R
112,369544;12,212;0,011;R
112,370597;12,19;0,011;R
112,371674;12,191;0,011;R
112,372762;12,192;0,011;R
112,373849;12,197;0,011;R
112,374914;12,17;0,011;R
112,376002;12,164;0,011;R
112,377067;12,183;0,011;R
112,378155;12,165;0,011;R
112,379231;12,207;0,011;R
112,380319;12,19;0,011;R
112,381396;12,186;0,011;R
112,382461;12,205;0,011;R
112,383537;12,196;0,011;R
112,384613;12,209;0,011;R
112,385678;12,184;0,011;R
112,386755;12,194;0,011;R
112,387843;12,206;0,011;R
112,388907;12,178;0,011;R
112,389972;12,18;0,011;R
112,391049;12,193;0,011;R
112,392125;12,2;0,011;R
112,393201;12,19;0,011;R
112,394266;12,202;0,011;R
112,395331;12,199;0,011;R
112,396396;12,198;0,011;R
112,397472;12,207;0,011;R
112,82406;12,15;0,004;R
112,8268;11,259;0,005;R
112,87682;12,117;0,003;R
112,92287;12,091;0,004;R
112,96879;12,101;0,006;R
113,01493;12,141;0,009;R
113,330157;12,174;0,011;R
113,331245;12,197;0,012;R
113,332322;12,212;0,011;R
113,33341;12,221;0,011;R
113,334486;12,213;0,012;R
113,335574;12,188;0,011;R
113,33665;12,2;0,011;R
113,337727;12,209;0,012;R
113,338815;12,227;0,013;R
113,339903;12,215;0,015;R
113,340979;12,212;0,016;R
113,342067;12,22;0,023;R
113,343143;12,22;0,019;R
113,34422;12,23;0,022;R
113,345296;12,23;0,017;R
113,346373;12,184;0,018;R
113,347461;12,19;0,017;R
113,348525;12,217;0,015;R
113,349602;12,156;0,02;R
113,35069;12,217;0,016;R
113,351778;12,186;0,015;R
113,352866;12,149;0,018;R
113,353931;12,182;0,015;R
113,355018;12,198;0,018;R
113,356106;12,193;0,014;R
113,357183;12,164;0,014;R
113,358248;12,217;0,018;R
113,359336;12,191;0,017;R
113,360424;12,171;0,026;R
113,3615;12,182;0,026;R
113,362588;12,242;0,029;R
113,363664;12,249;0,02;R
113,364741;12,167;0,017;R
113,365829;12,185;0,017;R
113,366917;12,22;0,017;R
113,367981;12,177;0,018;R
113,369069;12,226;0,018;R
113,370157;12,162;0,018;R
113,371222;12,214;0,02;R
113,372299;12,201;0,019;R
113,373387;12,173;0,019;R
113,374474;12,177;0,017;R
113,375562;12,167;0,018;R
113,37665;12,186;0,02;R
113,377738;12,214;0,018;R
113,378826;12,176;0,019;R
113,379903;12,17;0,018;R
113,380979;12,189;0,018;R
113,382067;12,178;0,022;R
113,383155;12,151;0,023;R
113,384231;12,134;0,023;R
113,385285;12,225;0,029;R
113,386361;12,178;0,023;R
113,387437;12,179;0,02;R
113,388525;12,199;0,02;R
113,389613;12,222;0,02;R
113,39069;12,159;0,022;R
113,391778;12,197;0,019;R
113,392854;12,197;0,019;R
113,393931;12,148;0,017;R
113,395007;12,2;0,017;R
113,85388;12,12;0,003;R
113,89999;12,12;0,003;R
114,327484;12,202;0,011;R
114,328572;12,187;0,011;R
114,329648;12,209;0,012;R
114,330713;12,195;0,011;R
114,331789;12,206;0,011;R
114,332843;12,203;0,011;R
114,333931;12,211;0,011;R
114,335007;12,201;0,011;R
114,336072;12,216;0,011;R
114,337148;12,183;0,011;R
114,338236;12,195;0,011;R
114,339324;12,175;0,011;R
114,340389;12,182;0,011;R
114,341477;12,195;0,011;R
114,342553;12,201;0,011;R
114,34363;12,172;0,012;R
114,344706;12,182;0,011;R
114,345782;12,198;0,011;R
114,346859;12,198;0,011;R
114,347947;12,181;0,011;R
114,349012;12,203;0,011;R
114,350076;12,193;0,011;R
114,351153;12,192;0,011;R
114,352241;12,194;0,011;R
114,353306;12,188;0,011;R
114,354382;12,188;0,011;R
114,35521;12,203;0,035;R
114,355458;12,188;0,011;R
114,356523;12,189;0,011;R
114,357599;12,192;0,011;R
114,358676;12,201;0,011;R
114,359752;12,192;0,011;R
114,360817;12,193;0,011;R
114,361905;12,219;0,012;R
114,36297;12,202;0,011;R
114,364046;12,197;0,011;R
114,365134;12,181;0,011;R
114,366199;12,211;0,012;R
114,367264;12,205;0,011;R
114,368329;12,2;0,011;R
114,369405;12,196;0,011;R
114,37047;12,216;0,011;R
114,371546;12,202;0,012;R
114,372611;12,189;0,011;R
114,373676;12,187;0,011;R
114,374752;12,195;0,011;R
114,375817;12,215;0,011;R
114,376893;12,198;0,011;R
114,377981;12,218;0,011;R
114,379069;12,186;0,011;R
114,380134;12,199;0,011;R
114,381199;12,192;0,011;R
114,382264;12,193;0,011;R
114,383329;12,18;0,011;R
114,384393;12,185;0,011;R
114,38547;12,191;0,011;R
114,386546;12,19;0,011;R
114,387623;12,203;0,011;R
114,388699;12,177;0,011;R
114,389775;12,211;0,011;R
114,390852;12,209;0,011;R
114,391917;12,202;0,011;R
114,80073;12,119;0,003;R
114,89633;12,114;0,003;R
114,89978;11,505;0,004;R
114,94303;12,081;0,004;R
114,98914;12,111;0,004;R
115,324602;12,236;0,011;R
115,325667;12,213;0,011;R
115,326755;12,2;0,011;R
115,327819;12,216;0,011;R
115,328907;12,213;0,011;R
115,329961;12,216;0,011;R
115,331037;12,205;0,012;R
115,332125;12,189;0,011;R
115,333201;12,208;0,011;R
115,334266;12,216;0,011;R
115,335354;12,209;0,011;R
115,336419;12,228;0,011;R
115,337507;12,222;0,012;R
115,338595;12,223;0,012;R
115,33966;12,229;0,012;R
115,340736;12,215;0,011;R
115,341824;12,219;0,011;R
115,342889;12,223;0,011;R
115,343977;12,214;0,011;R
115,345042;12,22;0,011;R
115,34613;12,236;0,011;R
115,347218;12,221;0,011;R
115,348282;12,199;0,011;R
115,34937;12,237;0,011;R
115,350435;12,213;0,011;R
115,351512;12,209;0,011;R
115,352599;12,23;0,011;R
115,353687;12,237;0,011;R
115,354764;12,225;0,011;R
115,35584;12,258;0,012;R
115,356928;12,217;0,011;R
115,358005;12,24;0,011;R
115,359081;12,228;0,012;R
115,360169;12,23;0,012;R
115,361234;12,231;0,012;R
115,36231;12,202;0,011;R
115,363387;12,206;0,011;R
115,364463;12,203;0,011;R
115,365539;12,229;0,011;R
115,366627;12,228;0,011;R
115,367704;12,217;0,011;R
115,36878;12,201;0,012;R
115,369856;12,234;0,012;R
115,370933;12,229;0,012;R
115,372009;12,217;0,011;R
115,373086;12,239;0,012;R
115,374174;12,233;0,011;R
115,37525;12,232;0,011;R
115,376303;12,206;0,011;R
115,377368;12,235;0,011;R
115,378444;12,219;0,011;R
115,379509;12,247;0,012;R
115,380574;12,244;0,012;R
115,381662;12,239;0,011;R
115,382738;12,261;0,011;R
115,383803;12,215;0,011;R
115,384903;12,217;0,011;R
115,385979;12,232;0,012;R
115,387056;12,245;0,011;R
115,38812;12,199;0,011;R
115,389185;12,239;0,012;R
115,85248;12,279;0,015;R
115,8528;12,287;0,015;R
115,85311;12,275;0,015;R
115,85344;12,264;0,015;R
115,85375;12,275;0,015;R
115,85406;12,255;0,015;R
115,85439;12,289;0,015;R
115,8547;12,286;0,015;R
115,85501;12,273;0,015;R
115,85533;12,286;0,015;R
116,321859;12,226;0,012;R
116,322935;12,235;0,011;R
116,324012;12,226;0,012;R
116,325099;12,232;0,012;R
116,326176;12,236;0,011;R
116,327264;12,229;0,012;R
116,328352;12,218;0,011;R
116,32944;12,226;0,011;R
116,330516;12,23;0,011;R
116,331593;12,224;0,011;R
116,332669;12,241;0,012;R
116,333745;12,225;0,012;R
116,334833;12,229;0,012;R
116,33591;12,209;0,012;R
116,336986;12,226;0,012;R
116,338062;12,229;0,011;R
116,339127;12,2;0,011;R
116,340215;12,224;0,011;R
116,341303;12,216;0,011;R
116,34238;12,232;0,012;R
116,343456;12,213;0,011;R
116,344544;12,184;0,011;R
116,34562;12,219;0,011;R
116,346708;12,239;0,011;R
116,347785;12,206;0,011;R
116,348873;12,212;0,011;R
116,349961;12,196;0,011;R
116,351037;12,247;0,011;R
116,352113;12,213;0,011;R
116,35319;12,201;0,011;R
116,354278;12,198;0,011;R
116,355377;12,218;0,012;R
116,356465;12,241;0,012;R
116,357553;12,233;0,011;R
116,35863;12,212;0,011;R
116,359694;12,23;0,011;R
116,360794;12,233;0,011;R
116,361882;12,208;0,011;R
116,36297;12,199;0,012;R
116,364046;12,216;0,011;R
116,365134;12,219;0,012;R
116,366222;12,216;0,011;R
116,36731;12,241;0,011;R
116,368387;12,218;0,011;R
116,369463;12,219;0,011;R
116,370551;12,204;0,011;R
116,371639;12,208;0,011;R
116,372727;12,226;0,011;R
116,373826;12,204;0,011;R
116,374914;12,234;0,011;R
116,376002;12,231;0,011;R
116,377102;12,224;0,011;R
116,378178;12,22;0,011;R
116,379255;12,254;0,011;R
116,380343;12,243;0,011;R
116,381419;12,213;0,012;R
116,382507;12,206;0,012;R
116,383595;12,226;0,011;R
116,384683;12,248;0,012;R
116,385771;12,209;0,012;R
116,386859;12,256;0,012;R
116,84683;12,265;0,015;R
116,84713;12,305;0,015;R
116,84744;12,264;0,015;R
116,84774;12,259;0,015;R
116,84806;12,296;0,015;R
116,84837;12,267;0,015;R
116,84867;12,303;0,015;R
116,84899;12,261;0,015;R
116,84931;12,28;0,015;R
116,84962;12,289;0,015;R
117,319104;12,203;0,011;R
117,320181;12,197;0,011;R
117,321257;12,195;0,011;R
117,322345;12,196;0,011;R
117,323421;12,217;0,011;R
117,324509;12,188;0,011;R
117,325597;12,205;0,011;R
117,326662;12,197;0,011;R
117,32775;12,2;0,011;R
117,328803;12,202;0,011;R
117,329891;12,183;0,012;R
117,330979;12,187;0,011;R
117,332044;12,207;0,012;R
117,333132;12,179;0,012;R
117,334185;12,192;0,011;R
117,335273;12,21;0,011;R
117,336349;12,188;0,011;R
117,337426;12,192;0,011;R
117,338514;12,182;0,011;R
117,339602;12,227;0,012;R
117,340678;12,19;0,011;R
117,341743;12,191;0,011;R
117,342831;12,203;0,011;R
117,343907;12,201;0,011;R
117,344984;12,163;0,011;R
117,346072;12,187;0,011;R
117,347148;12,183;0,011;R
117,348224;12,175;0,011;R
117,349312;12,203;0,011;R
117,350389;12,188;0,012;R
117,351477;12,204;0,011;R
117,352553;12,183;0,011;R
117,35363;12,172;0,011;R
117,354718;12,183;0,011;R
117,355794;12,186;0,011;R
117,356882;12,189;0,011;R
117,357958;12,175;0,011;R
117,359046;12,198;0,012;R
117,360123;12,176;0,012;R
117,361199;12,185;0,011;R
117,362275;12,164;0,011;R
117,363363;12,179;0,012;R
117,36444;12,184;0,011;R
117,365528;12,169;0,011;R
117,366593;12,195;0,011;R
117,367681;12,18;0,011;R
117,368757;12,162;0,011;R
117,369845;12,17;0,011;R
117,370921;12,18;0,011;R
117,371986;12,161;0,011;R
117,373062;12,175;0,011;R
117,374139;12,161;0,011;R
117,375215;12,149;0,011;R
117,376268;12,169;0,011;R
117,377345;12,17;0,011;R
117,37841;12,175;0,011;R
117,379474;12,157;0,011;R
117,380551;12,18;0,011;R
117,381627;12,166;0,011;R
117,382692;12,168;0,011;R
117,383757;12,16;0,011;R
117,81835;12,209;0,014;R
117,81866;12,223;0,015;R
117,81896;12,208;0,014;R
117,81927;12,215;0,014;R
117,81958;12,191;0,014;R
117,8199;12,228;0,014;R
117,82021;12,207;0,014;R
117,82051;12,211;0,014;R
117,82082;12,222;0,014;R
117,82112;12,226;0,014;R
117,83213;12,085;0,003;R
117,83213;12,086;0,003;R
117,84307;11,47;0,007;R
117,94696;12,123;0,004;R
117,94696;12,124;0,004;R
118,316315;12,186;0,012;R
118,317403;12,204;0,012;R
118,318468;12,241;0,011;R
118,319556;12,226;0,012;R
118,320643;12,237;0,011;R
118,321708;12,205;0,011;R
118,322796;12,214;0,011;R
118,323873;12,22;0,012;R
118,324961;12,206;0,012;R
118,326025;12,218;0,012;R
118,327113;12,242;0,012;R
118,328178;12,207;0,011;R
118,329266;12,199;0,012;R
118,330331;12,224;0,011;R
118,331419;12,205;0,012;R
118,332495;12,21;0,011;R
118,333583;12,2;0,012;R
118,33466;12,217;0,011;R
118,335748;12,191;0,011;R
118,336824;12,21;0,011;R
118,337912;12,212;0,012;R
118,338988;12,203;0,011;R
118,340065;12,224;0,011;R
118,341153;12,192;0,011;R
118,342241;12,204;0,012;R
118,343306;12,219;0,012;R
118,344393;12,219;0,012;R
118,345481;12,232;0,012;R
118,346546;12,199;0,012;R
118,347634;12,218;0,012;R
118,348687;12,217;0,012;R
118,349775;12,205;0,011;R
118,350852;12,198;0,011;R
118,351917;12,233;0,012;R
118,353005;12,215;0,012;R
118,354081;12,21;0,012;R
118,355146;12,239;0,011;R
118,356234;12,217;0,011;R
118,35731;12,199;0,011;R
118,358387;12,202;0,011;R
118,359474;12,208;0,011;R
118,360551;12,221;0,011;R
118,361639;12,211;0,011;R
118,362715;12,213;0,011;R
118,36378;12,237;0,012;R
118,364868;12,229;0,012;R
118,365956;12,219;0,011;R
118,367032;12,226;0,011;R
118,368109;12,213;0,011;R
118,369197;12,199;0,011;R
118,370262;12,216;0,012;R
118,371349;12,223;0,012;R
118,372437;12,195;0,011;R
118,373525;12,227;0,012;R
118,374602;12,214;0,012;R
118,375678;12,186;0,012;R
118,376743;12,192;0,011;R
118,377831;12,195;0,011;R
118,378919;12,22;0,012;R
118,380007;12,213;0,011;R
118,381072;12,213;0,011;R
118,86276;12,17;0,007;R
118,86637;11,496;0,005;R
118,90916;12,116;0,008;R
118,95543;12,141;0,008;R
119,00204;12,171;0,014;R
119,313502;12,273;0,011;R
119,314602;12,282;0,012;R
119,315678;12,282;0,012;R
119,316766;12,248;0,011;R
119,317843;12,311;0,012;R
119,318919;12,268;0,011;R
119,320007;12,309;0,012;R
119,321072;12,288;0,011;R
119,32216;12,263;0,012;R
119,323236;12,276;0,011;R
119,324336;12,27;0,011;R
119,325424;12,281;0,012;R
119,326488;12,264;0,011;R
119,327576;12,262;0,011;R
119,328664;12,302;0,012;R
119,329718;12,284;0,012;R
119,330806;12,288;0,012;R
119,331893;12,288;0,012;R
119,33297;12,247;0,012;R
119,334058;12,25;0,011;R
119,335123;12,285;0,011;R
119,336211;12,248;0,012;R
119,337275;12,278;0,012;R
119,338363;12,28;0,011;R
119,339451;12,272;0,011;R
119,340516;12,285;0,012;R
119,341604;12,293;0,011;R
119,342692;12,295;0,011;R
119,343757;12,298;0,012;R
119,344845;12,312;0,012;R
119,345921;12,299;0,012;R
119,346986;12,276;0,012;R
119,348062;12,277;0,012;R
119,34915;12,268;0,011;R
119,350215;12,272;0,012;R
119,351303;12,287;0,012;R
119,35238;12,294;0,012;R
119,353444;12,273;0,012;R
119,354532;12,289;0,013;R
119,35562;12,276;0,012;R
119,356708;12,263;0,012;R
119,357773;12,277;0,012;R
119,358838;12,252;0,012;R
119,359926;12,3;0,012;R
119,360991;12,287;0,012;R
119,362079;12,279;0,012;R
119,363143;12,308;0,012;R
119,36422;12,281;0,012;R
119,365308;12,282;0,012;R
119,366396;12,293;0,012;R
119,367472;12,296;0,012;R
119,368537;12,265;0,012;R
119,369625;12,267;0,012;R
119,370713;12,281;0,012;R
119,371801;12,288;0,012;R
119,372877;12,282;0,012;R
119,373942;12,297;0,012;R
119,37503;12,294;0,012;R
119,376095;12,3;0,012;R
119,377183;12,315;0,012;R
119,378271;12,29;0,012;R
120,310701;12,332;0,012;R
120,311755;12,319;0,013;R
120,312843;12,311;0,013;R
120,313907;12,304;0,013;R
120,314995;12,342;0,013;R
120,31606;12,31;0,012;R
120,317148;12,299;0,012;R
120,318224;12,34;0,012;R
120,319289;12,326;0,013;R
120,320377;12,302;0,014;R
120,321465;12,34;0,013;R
120,322542;12,325;0,013;R
120,323606;12,3;0,012;R
120,324694;12,337;0,013;R
120,325771;12,315;0,013;R
120,326859;12,332;0,013;R
120,327924;12,317;0,012;R
120,329;12,297;0,012;R
120,330088;12,323;0,012;R
120,331164;12,304;0,012;R
120,332252;12,321;0,012;R
120,333317;12,327;0,013;R
120,334405;12,339;0,013;R
120,335493;12,327;0,012;R
120,336558;12,328;0,012;R
120,337634;12,321;0,013;R
120,338722;12,335;0,012;R
120,339787;12,314;0,012;R
120,340875;12,328;0,012;R
120,341951;12,323;0,012;R
120,343039;12,313;0,012;R
120,344104;12,299;0,012;R
120,345192;12,32;0,013;R
120,346257;12,322;0,012;R
120,347345;12,29;0,012;R
120,348444;12,347;0,012;R
120,349509;12,33;0,012;R
120,350597;12,319;0,012;R
120,351685;12,321;0,013;R
120,352762;12,328;0,013;R
120,353826;12,322;0,012;R
120,354903;12,331;0,012;R
120,355979;12,321;0,012;R
120,357044;12,338;0,013;R
120,358132;12,309;0,012;R
120,359208;12,326;0,012;R
120,360285;12,316;0,012;R
120,361361;12,33;0,012;R
120,362437;12,314;0,012;R
120,363525;12,296;0,012;R
120,364602;12,33;0,012;R
120,365678;12,322;0,012;R
120,366755;12,335;0,012;R
120,367819;12,316;0,012;R
120,368896;12,334;0,013;R
120,369972;12,328;0,013;R
120,371037;12,294;0,012;R
120,372113;12,313;0,012;R
120,37319;12,28;0,012;R
120,374266;12,323;0,013;R
120,375343;12,309;0,013;R
120,85583;12,218;0,006;R
120,90256;12,252;0,007;R
120,94898;12,22;0,008;R
120,9963;12,195;0,009;R
121,307924;12,341;0,012;R
121,309012;12,352;0,012;R
121,310099;12,323;0,013;R
121,311176;12,348;0,014;R
121,312264;12,333;0,012;R
121,313329;12,328;0,012;R
121,314417;12,334;0,012;R
121,315493;12,337;0,013;R
121,316581;12,343;0,012;R
121,317657;12,322;0,014;R
121,318722;12,32;0,012;R
121,319799;12,334;0,012;R
121,320875;12,314;0,012;R
121,321951;12,32;0,012;R
121,323039;12,317;0,012;R
121,324116;12,309;0,012;R
121,325192;12,34;0,012;R
121,326268;12,357;0,012;R
121,327356;12,35;0,012;R
121,328433;12,334;0,012;R
121,329509;12,359;0,012;R
121,330597;12,333;0,012;R
121,331685;12,344;0,013;R
121,332762;12,346;0,013;R
121,333838;12,341;0,012;R
121,334926;12,32;0,012;R
121,336002;12,319;0,013;R
121,337079;12,335;0,013;R
121,338155;12,359;0,013;R
121,339231;12,345;0,013;R
121,340308;12,32;0,012;R
121,341373;12,337;0,013;R
121,342437;12,313;0,012;R
121,343514;12,339;0,012;R
121,344579;12,324;0,012;R
121,345655;12,311;0,012;R
121,34672;12,303;0,012;R
121,347796;12,317;0,012;R
121,348861;12,344;0,012;R
121,349937;12,33;0,012;R
121,351014;12,314;0,012;R
121,352079;12,321;0,012;R
121,353143;12,309;0,012;R
121,35422;12,345;0,012;R
121,355273;12,346;0,012;R
121,356361;12,359;0,012;R
121,357426;12,321;0,012;R
121,358491;12,343;0,012;R
121,359567;12,322;0,012;R
121,36062;12,334;0,012;R
121,361697;12,335;0,012;R
121,362762;12,354;0,012;R
121,363838;12,331;0,012;R
121,364903;12,333;0,012;R
121,365979;12,349;0,012;R
121,367056;12,308;0,012;R
121,368132;12,337;0,012;R
121,369197;12,339;0,012;R
121,370262;12,33;0,012;R
121,371349;12,339;0,012;R
121,372426;12,329;0,012;R
121,373502;12,327;0,012;R
121,77964;12,234;0,004;R
121,93418;12,237;0,008;R
122,305076;12,355;0,013;R
122,306141;12,351;0,012;R
122,307229;12,354;0,012;R
122,308306;12,385;0,013;R
122,30937;12,372;0,013;R
122,310447;12,37;0,013;R
122,311523;12,357;0,013;R
122,312611;12,39;0,013;R
122,313699;12,371;0,013;R
122,314764;12,378;0,013;R
122,31584;12,339;0,013;R
122,316917;12,384;0,014;R
122,317981;12,359;0,013;R
122,319058;12,364;0,013;R
122,320134;12,34;0,013;R
122,321222;12,352;0,013;R
122,322299;12,355;0,013;R
122,323387;12,335;0,012;R
122,324451;12,354;0,012;R
122,325539;12,325;0,012;R
122,326604;12,356;0,013;R
122,327681;12,376;0,013;R
122,328745;12,36;0,013;R
122,329822;12,366;0,012;R
122,330898;12,358;0,012;R
122,331986;12,365;0,013;R
122,333051;12,385;0,013;R
122,334139;12,389;0,014;R
122,335204;12,356;0,013;R
122,336292;12,373;0,013;R
122,337356;12,349;0,012;R
122,338444;12,392;0,013;R
122,339521;12,356;0,013;R
122,340609;12,349;0,012;R
122,341674;12,377;0,012;R
122,342762;12,359;0,013;R
122,343838;12,349;0,012;R
122,344914;12,396;0,013;R
122,345991;12,37;0,012;R
122,347056;12,353;0,012;R
122,34812;12,353;0,012;R
122,349185;12,35;0,012;R
122,350273;12,376;0,012;R
122,351361;12,358;0,012;R
122,352449;12,368;0,012;R
122,353514;12,388;0,012;R
122,35459;12,371;0,013;R
122,355655;12,381;0,013;R
122,356731;12,378;0,013;R
122,357796;12,368;0,012;R
122,358861;12,374;0,013;R
122,359937;12,388;0,012;R
122,361002;12,371;0,013;R
122,362079;12,355;0,013;R
122,363155;12,395;0,013;R
122,36422;12,392;0,013;R
122,365296;12,373;0,013;R
122,366361;12,375;0,013;R
122,367437;12,393;0,012;R
122,368502;12,362;0,012;R
122,369567;12,363;0,013;R
122,370643;12,36;0,012;R
122,83445;11,637;0,004;R
122,8397;12,273;0,008;R
122,88682;12,234;0,009;R
122,90028;11,586;0,005;R
122,93396;12,288;0,011;R
122,98491;12,273;0,013;R
123,303074;12,409;0,013;R
123,30415;12,431;0,013;R
123,305238;12,429;0,013;R
123,306292;12,439;0,013;R
123,30738;12,414;0,013;R
123,308444;12,423;0,013;R
123,309509;12,43;0,013;R
123,310586;12,419;0,013;R
123,311674;12,401;0,013;R
123,312738;12,422;0,014;R
123,313826;12,399;0,013;R
123,314903;12,436;0,013;R
123,315991;12,407;0,012;R
123,317079;12,412;0,012;R
123,318155;12,422;0,012;R
123,31922;12,42;0,013;R
123,320308;12,406;0,013;R
123,321384;12,401;0,013;R
123,322472;12,419;0,013;R
123,323549;12,436;0,013;R
123,324625;12,431;0,013;R
123,325724;12,439;0,014;R
123,326789;12,418;0,014;R
123,327866;12,43;0,014;R
123,328942;12,434;0,014;R
123,330007;12,414;0,013;R
123,331095;12,434;0,013;R
123,332171;12,402;0,012;R
123,333236;12,431;0,013;R
123,334324;12,411;0,013;R
123,335377;12,431;0,013;R
123,336465;12,394;0,013;R
123,337542;12,406;0,013;R
123,338618;12,418;0,013;R
123,339706;12,419;0,012;R
123,340794;12,414;0,012;R
123,341847;12,449;0,013;R
123,342924;12,409;0,012;R
123,343988;12,421;0,012;R
123,345053;12,41;0,012;R
123,346118;12,401;0,012;R
123,347206;12,4;0,012;R
123,348282;12,407;0,013;R
123,349347;12,453;0,013;R
123,350412;12,42;0,013;R
123,351488;12,404;0,012;R
123,352565;12,396;0,013;R
123,353641;12,387;0,013;R
123,354706;12,437;0,012;R
123,355771;12,434;0,013;R
123,356847;12,426;0,013;R
123,357912;12,396;0,013;R
123,358988;12,405;0,013;R
123,360065;12,407;0,013;R
123,36113;12,439;0,013;R
123,362194;12,419;0,013;R
123,363259;12,423;0,012;R
123,364324;12,439;0,013;R
123,3654;12,412;0,013;R
123,366477;12,405;0,013;R
123,367542;12,416;0,013;R
123,88515;12,266;0,014;R
123,89014;11,571;0,007;R
123,93414;12,335;0,013;R
123,95593;11,579;0,007;R
123,98347;12,283;0,016;R
124,300273;12,422;0,013;R
124,301361;12,426;0,012;R
124,302437;12,412;0,012;R
124,303514;12,429;0,013;R
124,30459;12,412;0,013;R
124,305667;12,419;0,012;R
124,30672;12,442;0,013;R
124,307808;12,438;0,013;R
124,308896;12,441;0,014;R
124,309972;12,424;0,013;R
124,31106;12,422;0,014;R
124,312148;12,415;0,013;R
124,313213;12,432;0,012;R
124,314301;12,419;0,013;R
124,315366;12,421;0,012;R
124,316454;12,417;0,012;R
124,317518;12,416;0,013;R
124,318606;12,414;0,013;R
124,319671;12,392;0,012;R
124,320759;12,415;0,013;R
124,321836;12,404;0,012;R
124,3229;12,408;0,012;R
124,323988;12,44;0,013;R
124,325065;12,433;0,012;R
124,326141;12,433;0,012;R
124,327218;12,45;0,013;R
124,328306;12,429;0,013;R
124,32937;12,437;0,013;R
124,330435;12,436;0,014;R
124,331512;12,437;0,014;R
124,332576;12,447;0,013;R
124,333653;12,431;0,013;R
124,334741;12,427;0,013;R
124,335806;12,426;0,013;R
124,336893;12,441;0,013;R
124,33797;12,437;0,013;R
124,339058;12,43;0,013;R
124,340134;12,412;0,013;R
124,341222;12,437;0,013;R
124,342299;12,44;0,013;R
124,343363;12,403;0,012;R
124,344451;12,427;0,012;R
124,345539;12,436;0,012;R
124,346604;12,413;0,012;R
124,347669;12,422;0,012;R
124,348745;12,408;0,012;R
124,349799;12,411;0,012;R
124,350875;12,416;0,012;R
124,351928;12,399;0,012;R
124,353016;12,405;0,012;R
124,354093;12,404;0,013;R
124,355157;12,407;0,012;R
124,356245;12,407;0,012;R
124,357333;12,419;0,013;R
124,35841;12,427;0,012;R
124,359486;12,439;0,013;R
124,360562;12,398;0,013;R
124,361639;12,402;0,012;R
124,362715;12,439;0,013;R
124,363803;12,414;0,013;R
124,36488;12,451;0,013;R
124,83639;12,436;0,019;R
124,8367;12,44;0,02;R
124,83703;12,46;0,019;R
124,83734;12,469;0,019;R
124,83766;12,473;0,019;R
124,83798;12,443;0,019;R
124,83829;12,482;0,019;R
124,8386;12,49;0,019;R
124,83892;12,454;0,019;R
124,83924;12,471;0,019;R
124,8519;12,32;0,013;R
124,85674;12,308;0,011;R
124,90359;12,293;0,011;R
124,92252;12,312;0,006;R
125,329463;12,435;0,014;R
125,330528;12,42;0,015;R
125,331593;12,416;0,015;R
125,332681;12,459;0,016;R
125,333768;12,45;0,014;R
125,334856;12,435;0,015;R
125,335933;12,437;0,014;R
125,337021;12,455;0,014;R
125,338086;12,443;0,015;R
125,33915;12,467;0,015;R
125,340238;12,447;0,015;R
125,341303;12,456;0,015;R
125,34238;12,427;0,014;R
125,343456;12,424;0,015;R
125,344544;12,461;0,015;R
125,34562;12,46;0,015;R
125,34672;12,458;0,015;R
125,347796;12,435;0,014;R
125,348884;12,432;0,015;R
125,349961;12,463;0,015;R
125,351037;12,469;0,015;R
125,352102;12,443;0,014;R
125,353167;12,446;0,014;R
125,354243;12,442;0,014;R
125,355319;12,434;0,013;R
125,356396;12,44;0,014;R
125,357484;12,445;0,014;R
125,35856;12,435;0,014;R
125,359648;12,421;0,013;R
125,360724;12,452;0,015;R
125,361789;12,445;0,014;R
125,85808;12,487;0,043;R
126,32672;12,442;0,015;R
126,327785;12,431;0,015;R
126,328849;12,473;0,017;R
126,329926;12,457;0,02;R
126,331014;12,421;0,026;R
126,332102;12,446;0,028;R
126,33319;12,473;0,027;R
126,334255;12,482;0,025;R
126,335319;12,463;0,022;R
126,336407;12,47;0,02;R
126,337484;12,464;0,019;R
126,338549;12,481;0,019;R
126,339613;12,458;0,019;R
126,34069;12,472;0,02;R
126,341778;12,459;0,019;R
126,342843;12,455;0,018;R
126,343919;12,475;0,019;R
126,344995;12,444;0,019;R
126,346083;12,445;0,021;R
126,34716;12,461;0,019;R
126,348224;12,468;0,02;R
126,349312;12,491;0,019;R
126,350389;12,477;0,02;R
126,351477;12,449;0,019;R
126,352565;12,415;0,019;R
126,353618;12,406;0,019;R
126,354706;12,428;0,019;R
126,355771;12,514;0,022;R
126,356847;12,446;0,022;R
126,357935;12,449;0,022;R
126,359023;12,458;0,02;R
126,70625;12,483;0,015;R
127,358051;12,454;0,019;R
127,359127;12,444;0,018;R
127,360204;12,452;0,018;R
127,36128;12,458;0,018;R
127,362345;12,472;0,018;R
127,363421;12,426;0,018;R
127,364486;12,502;0,019;R
127,365562;12,47;0,019;R
127,366627;12,446;0,018;R
127,367704;12,448;0,018;R
128,355192;12,473;0,028;R
128,356257;12,468;0,024;R
128,357322;12,476;0,017;R
128,358398;12,451;0,016;R
128,359474;12,483;0,016;R
128,360551;12,468;0,016;R
128,361627;12,471;0,016;R
128,362692;12,469;0,016;R
128,363768;12,482;0,017;R
128,364833;12,456;0,016;R
128,68191;12,477;0,015;R
130,437148;12,532;0,016;R
130,438213;12,472;0,016;R
130,439301;12,52;0,016;R
130,440377;12,509;0,017;R
130,441442;12,508;0,016;R
130,442518;12,514;0,016;R
130,443606;12,53;0,016;R
130,444671;12,5;0,016;R
130,445736;12,475;0,016;R
130,446812;12,53;0,016;R
130,81211;12,485;0,005;R
130,83835;12,45;0,008;R
130,86376;12,503;0,006;R
130,90571;12,424;0,005;R
130,91251;12,48;0,006;R
130,96014;12,482;0,005;R
131,434359;12,559;0,016;R
131,435435;12,564;0,017;R
131,436512;12,529;0,017;R
131,437588;12,554;0,017;R
131,438664;12,541;0,018;R
131,439752;12,512;0,017;R
131,440817;12,555;0,017;R
131,441893;12,554;0,017;R
131,442981;12,56;0,018;R
131,444058;12,583;0,017;R
131,82163;12,583;0,017;R
131,94097;12,485;0,007;R
132,431627;12,56;0,016;R
132,432704;12,584;0,017;R
132,433792;12,55;0,017;R
132,434868;12,579;0,017;R
132,435956;12,528;0,016;R
132,437021;12,558;0,017;R
132,438097;12,537;0,016;R
132,439174;12,544;0,017;R
132,440262;12,569;0,017;R
132,441338;12,529;0,017;R
133,428826;12,569;0,016;R
133,429903;12,562;0,016;R
133,430979;12,568;0,016;R
133,432067;12,539;0,017;R
133,433132;12,58;0,016;R
133,434208;12,602;0,017;R
133,435285;12,55;0,017;R
133,436361;12,546;0,016;R
133,437437;12,546;0,017;R
133,438514;12,605;0,017;R
133,81191;12,607;0,024;R
134,426014;12,581;0,016;R
134,427102;12,58;0,017;R
134,428178;12,575;0,016;R
134,429255;12,601;0,016;R
134,430331;12,601;0,017;R
134,431407;12,602;0,02;R
134,432484;12,583;0,019;R
134,43356;12,569;0,015;R
134,434637;12,604;0,018;R
134,435713;12,595;0,017;R
134,70095;12,613;0,017;R
135,423977;12,605;0,016;R
135,425053;12,643;0,017;R
135,426141;12,645;0,016;R
135,427206;12,62;0,016;R
135,428294;12,613;0,016;R
135,42937;12,653;0,017;R
135,430447;12,596;0,017;R
135,431535;12,627;0,017;R
135,432611;12,631;0,017;R
135,433699;12,598;0,016;R
